


yyyy/mmdd(or -ddd)/hh.h):2012/ -42/10.0UT  geog Lat/Long/Alt= 18.0/ 293.0/ 300.0

IRIcor2 is used for topside Ne profile
OTSB2012 plasmasphere model w/o  plasmapause
URSI maps are used for the F2 peak density (NmF2)
foF2 STORM model is turned on 
Shubin2015 model is used for F2 peak height (hmF2)
ABT-2009 option is used for the bottomside thickness parameter B0
Scotto-97 no L   option is used for the F1 occurrence probability
foE auroral storm model is turned off
IRI-1990   option is used for D-region
TBT-2012 with solar dependence is used for the electron temperature
TBKS2021 option is used for the ion temperature
RBV10+TBT15 option is used for ion composition
CGM coordinate computation is turned off

Peak Densities/cm-3: NmF2= 241830.0   NmF1=      0.0   NmE=   2750.3
Peak Heights/km:     hmF2=   268.87   hmF1=     0.00   hmE=   110.00

Solar Zenith Angle/degree                             104.1
Dip (Magnetic Inclination)/degree                      44.11
Modip (Modified Dip)/degree                            38.29
Solar Sunspot Number (12-months running mean) Rz12     66.8           
Ionospheric-Effective Solar Index IG12                 77.9           
Solar radio flux F10.7 (daily)                        109.4           
Solar radio flux F10.7 (81-day average)               116.9           

TEC [1.E16 m-2] is obtained by numerical integration in 1km steps
 from    65.0 to  2000.0 km. t is the percentage of TEC above the F peak.

-
   H   ELECTRON DENSITY   TEMPERATURES      ION PERCENTAGES[%]*10    1E16m-2
   km  Ne/cm-3 Ne/NmF2 Tn/K  Ti/K  Te/K  O+  N+  H+ He+ O2+ NO+ Clust TEC t/%
   80.0    260  0.001   207   207   207   0   0   0   0   2 998  -1   6.4  76
   81.0    301  0.001   205   205   205   0   0   0   0   2 998  -1   6.4  76
   82.0    336  0.001   203   203   203   0   0   0   0   2 998  -1   6.4  76
   83.0    363  0.001   200   200   200   0   0   0   0   3 997  -1   6.4  76
   84.0    384  0.002   198   198   198   0   0   0   0   3 997  -1   6.4  76
   85.0    401  0.002   196   196   196   0   0   0   0   3 997  -1   6.4  76
   86.0    423  0.002   193   193   193   0   0   0   0   4 996  -1   6.4  76
   87.0    470  0.002   190   190   190   0   0   0   0   4 996  -1   6.4  76
   88.0    583  0.002   187   187   187   0   0   0   0   5 995  -1   6.4  76
   89.0    847  0.004   184   184   184   0   0   0   0   8 992  -1   6.4  76
   90.0   1217  0.005   181   181   181   0   0   0   0  11 989  -1   6.4  76
   91.0   1463  0.006   178   178   178   0   0   0   0  13 987  -1   6.4  76
   92.0   1699  0.007   175   175   175   0   0   0   0  16 984  -1   6.4  76
   93.0   1915  0.008   172   172   172   0   0   0   0  19 981  -1   6.4  76
   94.0   2105  0.009   170   170   170   0   0   0   0  22 978  -1   6.4  76
   95.0   2266  0.009   167   167   167   0   0   0   0  25 975  -1   6.4  76
   96.0   2398  0.010   166   166   166   0   0   0   0  28 972  -1   6.4  76
   97.0   2502  0.010   165   165   165   0   0   0   0  31 969  -1   6.4  76
   98.0   2581  0.011   164   164   164   0   0   0   0  34 966  -1   6.4  76
   99.0   2640  0.011   164   164   164   0   0   0   0  36 964  -1   6.4  76
  100.0   2681  0.011   166   166   166   0   0   0   0  38 962  -1   6.4  76
  101.0   2709  0.011   168   168   168   0   0   0   0  40 960  -1   6.4  76
  102.0   2727  0.011   171   171   171   0   0   0   0  41 959  -1   6.4  76
  103.0   2739  0.011   175   175   175   0   0   0   0  43 957  -1   6.4  76
  104.0   2745  0.011   180   180   180   0   0   0   0  44 956  -1   6.4  76
  105.0   2748  0.011   186   186   186   0   0   0   0  45 955  -1   6.4  76
  106.0   2750  0.011   193   193   193   0   0   0   0  46 954  -1   6.4  76
  107.0   2750  0.011   201   201   201   0   0   0   0  46 954  -1   6.4  76
  108.0   2750  0.011   210   210   210   0   0   0   0  47 953  -1   6.4  76
  109.0   2750  0.011   220   220   220   0   0   0   0  47 953  -1   6.4  76
  110.0   2750  0.011   232   232   232   0   0   0   0  48 952  -1   6.4  76
  111.0   2728  0.011   243   243   243   0   0   0   0  48 952  -1   6.4  76
  112.0   2668  0.011   256   256   256   0   0   0   0  47 953  -1   6.4  76
  113.0   2580  0.011   270   270   270   0   0   0   0  46 954  -1   6.4  76
  114.0   2475  0.010   285   285   285   0   0   0   0  44 956  -1   6.4  76
  115.0   2360  0.010   300   300   300   0   0   0   0  42 958  -1   6.4  76
  116.0   2242  0.009   316   316   316   0   0   0   0  40 960  -1   6.4  76
  117.0   2126  0.009   333   333   333   0   0   0   0  38 962  -1   6.4  76
  118.0   2016  0.008   351   351   351   0   0   0   0  35 965  -1   6.4  76
  119.0   1914  0.008   369   369   369   0   0   0   0  33 967  -1   6.4  76
  120.0   1822  0.008   387   387   387   0   0   0   0  32 968  -1   6.4  76
  121.0   1741  0.007   404   404   404   0   0   0   0  30 970  -1   6.4  76
  122.0   1671  0.007   420   420   420   0   0   0   0  29 971  -1   6.4  76
  123.0   1612  0.007   435   435   435   0   0   0   0  28 972  -1   6.4  76
  124.0   1565  0.006   446   446   446   0   0   0   0  28 972  -1   6.4  76
  125.0   1528  0.006   458   458   458   0   0   0   0  27 972  -1   6.4  76
  126.0   1501  0.006   469   469   470   0   0   0   0  27 972  -1   6.4  76
  127.0   1484  0.006   479   479   484   0   0   0   0  27 972  -1   6.4  76
  128.0   1477  0.006   490   490   498   0   0   0   0  27 972  -1   6.4  76
  129.0   1478  0.006   500   500   512   0   0   0   0  28 972  -1   6.4  76
  130.0   1489  0.006   509   509   525   1   0   0   0  28 971  -1   6.4  76
  131.0   1508  0.006   518   518   539   1   0   0   0  29 971  -1   6.4  76
  132.0   1535  0.006   527   527   553   1   0   0   0  30 970  -1   6.4  76
  133.0   1570  0.006   535   535   567   1   0   0   0  31 969  -1   6.4  76
  134.0   1613  0.007   543   543   581   1   0   0   0  32 967  -1   6.4  76
  135.0   1663  0.007   551   551   595   1   0   0   0  33 966  -1   6.4  76
  136.0   1720  0.007   559   559   609   1   0   0   0  35 964  -1   6.4  76
  137.0   1784  0.007   566   566   623   1   0   0   0  36 963  -1   6.4  76
  138.0   1853  0.008   573   573   636   1   0   0   0  38 961  -1   6.4  76
  139.0   1929  0.008   579   579   650   2   0   0   0  40 958  -1   6.4  76
  140.0   2009  0.008   586   586   664   2   0   0   0  42 956  -1   6.4  76
  141.0   2094  0.009   592   592   678   2   0   0   0  44 954  -1   6.4  76
  142.0   2183  0.009   598   598   692   2   0   0   0  47 951  -1   6.4  76
  143.0   2274  0.009   604   604   706   2   0   0   0  49 949  -1   6.4  76
  144.0   2369  0.010   609   609   720   3   0   0   0  51 946  -1   6.4  76
  145.0   2465  0.010   614   614   734   3   0   0   0  54 943  -1   6.4  76
  146.0   2563  0.011   620   620   748   3   0   0   0  56 940  -1   6.4  76
  147.0   2662  0.011   624   624   761   4   0   0   0  59 937  -1   6.4  76
  148.0   2789  0.012   629   629   775   4   0   0   0  62 934  -1   6.4  76
  149.0   3115  0.013   634   634   789   5   0   0   0  69 926  -1   6.4  76
  150.0   3471  0.014   638   638   803   6   0   0   0  77 917  -1   6.4  76
  151.0   3859  0.016   642   642   817   7   0   0   0  86 908  -1   6.4  76
  152.0   4283  0.018   646   646   831   8   0   0   0  94 898  -1   6.4  76
  153.0   4744  0.020   650   650   845   9   0   0   0 104 887  -1   6.4  76
  154.0   5244  0.022   654   654   859  10   0   0   0 114 876  -1   6.4  76
  155.0   5785  0.024   657   657   872  12   0   0   0 124 864  -1   6.4  76
  156.0   6371  0.026   661   661   886  14   0   0   0 135 851  -1   6.4  76
  157.0   7002  0.029   664   664   900  16   0   0   0 145 838  -1   6.4  76
  158.0   7682  0.032   667   667   914  19   0   0   0 157 825  -1   6.4  76
  159.0   8412  0.035   670   670   928  21   0   0   0 168 811  -1   6.4  76
  160.0   9196  0.038   673   673   942  24   0   0   0 180 796  -1   6.4  76
  161.0  10034  0.041   676   676   956  28   0   0   0 191 781  -1   6.4  76
  162.0  10930  0.045   679   679   969  31   0   0   0 202 766  -1   6.4  76
  163.0  11885  0.049   682   682   983  35   0   0   0 214 751  -1   6.4  76
  164.0  12902  0.053   684   684   997  40   0   0   0 224 735  -1   6.4  76
  165.0  13983  0.058   687   687  1011  45   0   0   0 235 719  -1   6.4  76
  166.0  15129  0.063   689   689  1025  51   0   0   0 245 704  -1   6.4  76
  167.0  16343  0.068   691   691  1038  57   0   0   0 255 688  -1   6.4  76
  168.0  17627  0.073   693   693  1052  63   0   0   0 264 672  -1   6.4  76
  169.0  18981  0.078   695   695  1066  71   0   0   0 272 657  -1   6.4  76
  170.0  20407  0.084   697   697  1079  79   0   0   0 280 641  -1   6.4  76
  171.0  21907  0.091   699   699  1093  87   0   0   0 286 625  -1   6.4  76
  172.0  23483  0.097   701   701  1106  97   0   0   0 292 610  -1   6.4  76
  173.0  25134  0.104   703   703  1120 107   0   0   0 298 595  -1   6.4  76
  174.0  26862  0.111   705   705  1133 118   0   0   0 302 579  -1   6.4  76
  175.0  28669  0.119   706   706  1146 130   0   0   0 305 564  -1   6.4  76
  176.0  30553  0.126   708   708  1159 142   0   0   0 308 549  -1   6.4  76
  177.0  32516  0.134   710   710  1172 156   0   0   0 309 534  -1   6.4  76
  178.0  34557  0.143   711   711  1185 170   0   0   0 310 519  -1   6.4  76
  179.0  36678  0.152   712   712  1198 185   0   0   0 310 504  -1   6.4  76
  180.0  38877  0.161   714   714  1210 201   0   0   0 309 489  -1   6.4  76
  181.0  41153  0.170   715   715  1222 218   0   0   0 306 475  -1   6.4  76
  182.0  43507  0.180   716   716  1233 235   0   0   0 304 460  -1   6.4  76
  183.0  45938  0.190   718   718  1244 254   0   0   0 300 445  -1   6.4  76
  184.0  48443  0.200   719   719  1255 273   0   0   0 295 430  -1   6.4  76
  185.0  51023  0.211   720   720  1265 292   0   0   0 290 416  -1   6.4  76
  186.0  53675  0.222   721   721  1274 313   0   0   0 284 401  -1   6.4  76
  187.0  56398  0.233   722   722  1283 334   0   0   0 278 386  -1   6.4  76
  188.0  59190  0.245   723   723  1292 355   0   0   0 271 372  -1   6.4  76
  189.0  62048  0.257   724   724  1299 377   0   0   0 264 357  -1   6.4  76
  190.0  64970  0.269   725   725  1306 399   0   0   0 256 343  -1   6.4  76
  191.0  67954  0.281   726   726  1312 422   0   0   0 248 329  -1   6.4  76
  192.0  70998  0.294   727   727  1318 444   0   0   0 239 314  -1   6.4  76
  193.0  74097  0.306   728   728  1323 467   0   0   0 231 300  -1   6.4  76
  194.0  77249  0.319   728   728  1327 489   0   0   0 222 287  -1   6.4  76
  195.0  80452  0.333   729   729  1331 512   0   0   0 213 273  -1   6.4  76
  196.0  83701  0.346   730   730  1334 534   0   0   0 204 260  -1   6.4  76
  197.0  86993  0.360   731   731  1337 556   1   0   0 195 247  -1   6.4  76
  198.0  90325  0.374   731   731  1339 577   1   0   0 186 235  -1   6.4  76
  199.0  93692  0.387   732   732  1341 598   1   0   0 177 223  -1   6.4  76
  200.0  97092  0.401   733   733  1343 618   1   0   0 168 211  -1   6.4  76
  201.0 100519  0.416   733   733  1345 638   1   0   0 160 200  -1   6.4  76
  202.0 103971  0.430   734   734  1346 657   1   0   0 152 189  -1   6.4  76
  203.0 107443  0.444   734   735  1347 675   1   0   0 144 179  -1   6.4  76
  204.0 110932  0.459   735   735  1348 693   1   0   0 136 169  -1   6.4  76
  205.0 114432  0.473   735   736  1349 710   1   0   0 128 159  -1   6.4  76
  206.0 117941  0.488   736   737  1349 726   1   0   0 121 150  -1   6.4  76
  207.0 121453  0.502   736   737  1350 741   1   0   0 114 142  -1   6.4  76
  208.0 124965  0.517   737   738  1350 756   1   0   0 108 134  -1   6.4  76
  209.0 128473  0.531   737   739  1351 770   1   0   0 102 126  -1   6.4  76
  210.0 131972  0.546   738   740  1351 783   1   0   0  96 119  -1   6.4  76
  211.0 135459  0.560   738   740  1352 796   1   0   0  90 112  -1   6.4  76
  212.0 138933  0.575   739   741  1352 808   1   0   0  85 105  -1   6.4  76
  213.0 142393  0.589   739   742  1352 819   1   0   0  80  99  -1   6.4  76
  214.0 145835  0.603   739   742  1353 829   1   0   0  75  93  -1   6.4  76
  215.0 149255  0.617   740   743  1353 839   1   0   0  70  88  -1   6.4  76
  216.0 152648  0.631   740   744  1353 849   1   0   0  66  83  -1   6.4  76
  217.0 156012  0.645   740   745  1353 858   1   0   0  62  78  -1   6.4  76
  218.0 159342  0.659   741   745  1354 866   1   0   0  58  73  -1   6.4  76
  219.0 162636  0.673   741   746  1354 874   1   0   0  55  69  -1   6.4  76
  220.0 165888  0.686   741   747  1354 881   1   0   0  52  65  -1   6.4  76
  221.0 169096  0.699   742   747  1354 888   1   0   0  49  61  -1   6.4  76
  222.0 172257  0.712   742   748  1354 895   1   0   0  46  58  -1   6.4  76
  223.0 175368  0.725   742   749  1355 901   1   0   0  43  54  -1   6.4  76
  224.0 178424  0.738   742   749  1355 906   1   0   0  40  51  -1   6.4  76
  225.0 181424  0.750   743   750  1355 912   1   0   0  38  48  -1   6.4  76
  226.0 184365  0.762   743   751  1355 917   1   0   0  36  46  -1   6.4  76
  227.0 187244  0.774   743   752  1355 922   1   0   0  34  43  -1   6.4  76
  228.0 190058  0.786   743   752  1356 926   1   0   0  32  41  -1   6.4  76
  229.0 192806  0.797   743   753  1356 930   1   0   0  30  38  -1   6.4  76
  230.0 195484  0.808   744   754  1356 934   1   0   0  28  36  -1   6.4  76
  231.0 198092  0.819   744   754  1356 938   1   0   0  26  34  -1   6.4  76
  232.0 200627  0.830   744   755  1356 941   1   0   0  25  32  -1   6.4  76
  233.0 203088  0.840   744   756  1356 944   1   0   0  23  31  -1   6.4  76
  234.0 205474  0.850   744   756  1357 947   0   0   0  22  29  -1   6.4  76
  235.0 207782  0.859   745   757  1357 950   0   0   0  21  28  -1   6.4  76
  236.0 210012  0.868   745   758  1357 953   0   0   0  20  26  -1   6.4  76
  237.0 212164  0.877   745   759  1357 955   0   0   0  18  25  -1   6.4  76
  238.0 214235  0.886   745   759  1357 958   0   0   0  17  23  -1   6.4  76
  239.0 216226  0.894   745   760  1357 960   0   0   0  16  22  -1   6.4  76
  240.0 218137  0.902   745   761  1358 962   0   0   0  16  21  -1   6.4  76
  241.0 219966  0.910   745   761  1358 964   0   0   0  15  20  -1   6.4  76
  242.0 221715  0.917   746   762  1358 966   0   0   0  14  19  -1   6.4  76
  243.0 223382  0.924   746   763  1358 968   0   0   0  13  18  -1   6.4  76
  244.0 224969  0.930   746   764  1358 969   0   0   0  12  17  -1   6.4  76
  245.0 226475  0.937   746   764  1359 971   0   0   0  12  16  -1   6.4  76
  246.0 227902  0.942   746   765  1359 972   0   0   0  11  15  -1   6.4  76
  247.0 229250  0.948   746   766  1359 974   0   0   0  11  15  -1   6.4  76
  248.0 230520  0.953   746   766  1359 975   0   0   0  10  14  -1   6.4  76
  249.0 231712  0.958   746   767  1359 976   0   0   0   9  13  -1   6.4  76
  250.0 232829  0.963   746   768  1359 977   0   0   0   9  13  -1   6.4  76
  251.0 233870  0.967   747   768  1360 978   0   0   0   9  12  -1   6.4  76
  252.0 234838  0.971   747   769  1360 980   0   0   0   8  11  -1   6.4  76
  253.0 235734  0.975   747   770  1360 980   0   0   0   8  11  -1   6.4  76
  254.0 236560  0.978   747   771  1360 981   0   0   0   7  10  -1   6.4  76
  255.0 237317  0.981   747   771  1360 982   0   0   0   7  10  -1   6.4  76
  256.0 238007  0.984   747   772  1360 983   0   0   0   7   9  -1   6.4  76
  257.0 238632  0.987   747   773  1361 984   0   0   0   6   9  -1   6.4  76
  258.0 239194  0.989   747   773  1361 985   0   0   0   6   9  -1   6.4  76
  259.0 239694  0.991   747   774  1361 985   0   0   0   6   8  -1   6.4  76
  260.0 240136  0.993   747   775  1361 986   0   0   0   5   8  -1   6.4  76
  261.0 240521  0.995   747   776  1361 987   0   0   0   5   8  -1   6.4  76
  262.0 240851  0.996   747   776  1361 987   0   0   0   5   7  -1   6.4  76
  263.0 241129  0.997   747   777  1362 988   0   0   0   5   7  -1   6.4  76
  264.0 241357  0.998   747   778  1362 988   0   0   0   4   7  -1   6.4  76
  265.0 241537  0.999   748   778  1362 989   0   0   0   4   6  -1   6.4  76
  266.0 241672  0.999   748   779  1362 989   0   0   0   4   6  -1   6.4  76
  267.0 241764  1.000   748   780  1362 990   0   0   0   4   6  -1   6.4  76
  268.0 241816  1.000   748   780  1363 990   0   0   0   4   5  -1   6.4  76
  269.0 241813  1.000   748   781  1363 991   0   0   0   3   5  -1   6.4  76
  270.0 241671  0.999   748   782  1363 991   0   0   0   3   5  -1   6.4  76
  271.0 241504  0.999   748   783  1363 992   0   0   0   3   5  -1   6.4  76
  272.0 241315  0.998   748   783  1363 992   0   0   0   3   5  -1   6.4  76
  273.0 241101  0.997   748   784  1363 992   0   0   0   3   4  -1   6.4  76
  274.0 240865  0.996   748   785  1364 993   0   0   0   3   4  -1   6.4  76
  275.0 240605  0.995   748   785  1364 993   0   0   0   3   4  -1   6.4  76
  276.0 240322  0.994   748   786  1364 993   0   0   0   2   4  -1   6.4  76
  277.0 240016  0.993   748   787  1364 993   0   0   0   2   4  -1   6.4  76
  278.0 239688  0.991   748   788  1364 994   0   0   0   2   4  -1   6.4  76
  279.0 239336  0.990   748   788  1364 994   0   0   0   2   3  -1   6.4  76
  280.0 238963  0.988   748   789  1365 994   0   0   0   2   3  -1   6.4  76
  281.0 238568  0.987   748   790  1365 994   0   0   0   2   3  -1   6.4  76
  282.0 238151  0.985   748   790  1365 995   0   0   0   2   3  -1   6.4  76
  283.0 237711  0.983   748   791  1365 995   0   0   0   2   3  -1   6.4  76
  284.0 237251  0.981   748   792  1365 995   0   0   0   2   3  -1   6.4  76
  285.0 236769  0.979   748   792  1365 995   0   0   0   2   3  -1   6.4  76
  286.0 236266  0.977   748   793  1366 996   0   0   0   2   3  -1   6.4  76
  287.0 235743  0.975   748   794  1366 996   0   0   0   1   2  -1   6.4  76
  288.0 235199  0.973   748   795  1366 996   0   0   0   1   2  -1   6.4  76
  289.0 234634  0.970   748   795  1366 996   0   0   0   1   2  -1   6.4  76
  290.0 234050  0.968   748   796  1366 996   0   0   0   1   2  -1   6.4  76
  291.0 233445  0.965   748   797  1367 996   0   0   0   1   2  -1   6.4  76
  292.0 232821  0.963   748   797  1367 997   0   0   0   1   2  -1   6.4  76
  293.0 232178  0.960   748   798  1367 997   0   0   0   1   2  -1   6.4  76
  294.0 231516  0.957   748   799  1367 997   0   0   0   1   2  -1   6.4  76
  295.0 230836  0.955   749   799  1367 997   0   0   0   1   2  -1   6.4  76
  296.0 230137  0.952   749   800  1367 997   0   0   0   1   2  -1   6.4  76
  297.0 229420  0.949   749   801  1368 997   0   0   0   1   2  -1   6.4  76
  298.0 228685  0.946   749   802  1368 997   0   0   0   1   2  -1   6.4  76
  299.0 227933  0.943   749   802  1368 997   0   0   0   1   2  -1   6.4  76
  300.0 227163  0.939   749   803  1368 982  16   1   1   0   0  -1   6.4  76
  301.0 226377  0.936   749   804  1368 982  16   1   1   0   0  -1   6.4  76
  302.0 225574  0.933   749   804  1368 982  16   1   1   0   0  -1   6.4  76
  303.0 224755  0.929   749   805  1369 982  16   1   1   0   0  -1   6.4  76
  304.0 223920  0.926   749   806  1369 982  16   1   1   0   0  -1   6.4  76
  305.0 223069  0.922   749   807  1369 982  16   1   1   0   0  -1   6.4  76
  306.0 222203  0.919   749   807  1369 982  16   1   1   0   0  -1   6.4  76
  307.0 221322  0.915   749   808  1369 982  16   1   1   0   0  -1   6.4  76
  308.0 220426  0.911   749   809  1369 982  16   1   1   0   0  -1   6.4  76
  309.0 219516  0.908   749   809  1370 982  16   1   1   0   0  -1   6.4  76
  310.0 218592  0.904   749   810  1370 982  16   1   1   0   0  -1   6.4  76
  311.0 217654  0.900   749   811  1370 982  16   1   1   0   0  -1   6.4  76
  312.0 216703  0.896   749   811  1370 982  16   1   2   0   0  -1   6.4  76
  313.0 215738  0.892   749   812  1370 982  16   1   2   0   0  -1   6.4  76
  314.0 214761  0.888   749   813  1371 982  16   1   2   0   0  -1   6.4  76
  315.0 213772  0.884   749   814  1371 981  16   1   2   0   0  -1   6.4  76
  316.0 212770  0.880   749   814  1371 981  16   1   2   0   0  -1   6.4  76
  317.0 211757  0.876   749   815  1371 981  16   1   2   0   0  -1   6.4  76
  318.0 210732  0.871   749   816  1371 981  16   1   2   0   0  -1   6.4  76
  319.0 209696  0.867   749   816  1371 981  16   1   2   0   0  -1   6.4  76
  320.0 208649  0.863   749   817  1372 981  16   1   2   0   0  -1   6.4  76
  321.0 207592  0.858   749   818  1372 981  16   1   2   0   0  -1   6.4  76
  322.0 206525  0.854   749   819  1372 981  16   1   2   0   0  -1   6.4  76
  323.0 205448  0.850   749   819  1372 981  16   1   2   0   0  -1   6.4  76
  324.0 204361  0.845   749   820  1372 981  16   1   2   0   0  -1   6.4  76
  325.0 203265  0.841   749   821  1373 981  16   1   2   0   0  -1   6.4  76
  326.0 202160  0.836   749   821  1373 981  16   1   2   0   0  -1   6.4  76
  327.0 201046  0.831   749   822  1373 981  16   1   2   0   0  -1   6.4  76
  328.0 199924  0.827   749   823  1373 981  16   1   2   0   0  -1   6.4  76
  329.0 198795  0.822   749   823  1373 981  16   1   2   0   0  -1   6.4  76
  330.0 197657  0.817   749   824  1374 981  16   1   2   0   0  -1   6.4  76
  331.0 196512  0.813   749   825  1374 981  16   1   2   0   0  -1   6.4  76
  332.0 195359  0.808   749   826  1374 980  16   1   2   0   0  -1   6.4  76
  333.0 194200  0.803   749   826  1374 980  16   2   2   0   0  -1   6.4  76
  334.0 193035  0.798   749   827  1375 980  16   2   2   0   0  -1   6.4  76
  335.0 191863  0.793   749   828  1375 980  16   2   2   0   0  -1   6.4  76
  336.0 190686  0.789   749   828  1375 980  16   2   2   0   0  -1   6.4  76
  337.0 189503  0.784   749   829  1376 980  16   2   2   0   0  -1   6.4  76
  338.0 188314  0.779   749   830  1376 980  16   2   2   0   0  -1   6.4  76
  339.0 187121  0.774   749   831  1377 980  16   2   2   0   0  -1   6.4  76
  340.0 185922  0.769   749   831  1377 980  16   2   2   0   0  -1   6.4  76
  341.0 184719  0.764   749   832  1378 980  16   2   2   0   0  -1   6.4  76
  342.0 183512  0.759   749   833  1379 980  16   2   2   0   0  -1   6.4  76
  343.0 182301  0.754   749   834  1380 980  16   2   2   0   0  -1   6.4  76
  344.0 181086  0.749   749   834  1381 980  16   2   2   0   0  -1   6.4  76
  345.0 179868  0.744   749   835  1382 979  16   2   2   0   0  -1   6.4  76
  346.0 178647  0.739   749   836  1383 979  16   2   2   0   0  -1   6.4  76
  347.0 177422  0.734   749   837  1384 979  16   2   2   0   0  -1   6.4  76
  348.0 176196  0.729   749   838  1386 979  16   2   2   0   0  -1   6.4  76
  349.0 174966  0.724   749   838  1388 979  17   2   2   0   0  -1   6.4  76
  350.0 173735  0.718   749   839  1390 979  17   2   2   0   0  -1   6.4  76
  351.0 172502  0.713   749   840  1392 979  17   2   2   0   0  -1   6.4  76
  352.0 171267  0.708   749   841  1394 979  17   2   2   0   0  -1   6.4  76
  353.0 170031  0.703   749   842  1396 979  17   2   2   0   0  -1   6.4  76
  354.0 168794  0.698   749   843  1399 979  17   2   2   0   0  -1   6.4  76
  355.0 167556  0.693   749   844  1402 979  17   2   2   0   0  -1   6.4  76
  356.0 166317  0.688   749   844  1405 979  17   2   2   0   0  -1   6.4  76
  357.0 165079  0.683   749   845  1408 978  17   2   3   0   0  -1   6.4  76
  358.0 163839  0.677   749   846  1411 978  17   2   3   0   0  -1   6.4  76
  359.0 162600  0.672   749   847  1414 978  17   2   3   0   0  -1   6.4  76
  360.0 161362  0.667   749   848  1418 978  17   3   3   0   0  -1   6.4  76
  361.0 160123  0.662   749   849  1421 978  17   3   3   0   0  -1   6.4  76
  362.0 158886  0.657   749   850  1425 978  17   3   3   0   0  -1   6.4  76
  363.0 157649  0.652   749   851  1428 978  17   3   3   0   0  -1   6.4  76
  364.0 156415  0.647   749   852  1432 978  17   3   3   0   0  -1   6.4  76
  365.0 155181  0.642   749   853  1436 978  17   3   3   0   0  -1   6.4  76
  366.0 153949  0.637   749   854  1439 978  17   3   3   0   0  -1   6.4  76
  367.0 152718  0.632   749   855  1443 977  17   3   3   0   0  -1   6.4  76
  368.0 151490  0.626   749   856  1447 977  17   3   3   0   0  -1   6.4  76
  369.0 150264  0.621   749   857  1451 977  17   3   3   0   0  -1   6.4  76
  370.0 149041  0.616   749   858  1454 977  17   3   3   0   0  -1   6.4  76
  371.0 147820  0.611   749   859  1458 977  17   3   3   0   0  -1   6.4  76
  372.0 146602  0.606   749   860  1462 977  17   3   3   0   0  -1   6.4  76
  373.0 145387  0.601   749   861  1466 977  17   3   3   0   0  -1   6.4  76
  374.0 144176  0.596   749   862  1470 977  17   3   3   0   0  -1   6.4  76
  375.0 142967  0.591   749   863  1474 977  17   3   3   0   0  -1   6.4  76
  376.0 141763  0.586   749   864  1477 976  17   3   3   0   0  -1   6.4  76
  377.0 140562  0.581   749   865  1481 976  17   4   3   0   0  -1   6.4  76
  378.0 139365  0.576   749   866  1485 976  17   4   3   0   0  -1   6.4  76
  379.0 138172  0.571   749   866  1489 976  17   4   3   0   0  -1   6.4  76
  380.0 136984  0.566   749   867  1493 976  17   4   3   0   0  -1   6.4  76
  381.0 135800  0.562   749   868  1497 976  17   4   3   0   0  -1   6.4  76
  382.0 134620  0.557   749   869  1501 976  17   4   3   0   0  -1   6.4  76
  383.0 133446  0.552   749   870  1504 976  17   4   3   0   0  -1   6.4  76
  384.0 132276  0.547   749   871  1508 975  17   4   3   0   0  -1   6.4  76
  385.0 131111  0.542   749   872  1512 975  17   4   3   0   0  -1   6.4  76
  386.0 129951  0.537   749   873  1516 975  17   4   4   0   0  -1   6.4  76
  387.0 128797  0.533   749   874  1520 975  17   4   4   0   0  -1   6.4  76
  388.0 127648  0.528   749   875  1524 975  17   4   4   0   0  -1   6.4  76
  389.0 126505  0.523   749   876  1528 975  17   4   4   0   0  -1   6.4  76
  390.0 125367  0.518   749   877  1531 975  17   5   4   0   0  -1   6.4  76
  391.0 124235  0.514   749   878  1535 974  17   5   4   0   0  -1   6.4  76
  392.0 123110  0.509   749   879  1539 974  17   5   4   0   0  -1   6.4  76
  393.0 121990  0.504   749   880  1543 974  17   5   4   0   0  -1   6.4  76
  394.0 120876  0.500   749   881  1547 974  17   5   4   0   0  -1   6.4  76
  395.0 119769  0.495   749   882  1551 974  17   5   4   0   0  -1   6.4  76
  396.0 118668  0.491   749   883  1555 974  17   5   4   0   0  -1   6.4  76
  397.0 117573  0.486   749   884  1558 973  17   5   4   0   0  -1   6.4  76
  398.0 116485  0.482   749   885  1562 973  17   5   4   0   0  -1   6.4  76
  399.0 115404  0.477   749   886  1566 973  17   5   4   0   0  -1   6.4  76
  400.0 114329  0.473   749   887  1570 973  17   6   4   0   0  -1   6.4  76
  401.0 113261  0.468   749   888  1574 973  17   6   4   0   0  -1   6.4  76
  402.0 112200  0.464   749   889  1578 973  17   6   4   0   0  -1   6.4  76
  403.0 111146  0.460   749   890  1582 972  18   6   4   0   0  -1   6.4  76
  404.0 110099  0.455   749   891  1586 972  18   6   4   0   0  -1   6.4  76
  405.0 109059  0.451   749   892  1589 972  18   6   4   0   0  -1   6.4  76
  406.0 108026  0.447   749   893  1593 972  18   6   4   0   0  -1   6.4  76
  407.0 107229  0.443   749   894  1597 972  18   6   4   0   0  -1   6.4  76
  408.0 106495  0.440   749   895  1601 971  18   6   5   0   0  -1   6.4  76
  409.0 105767  0.437   749   896  1605 971  18   7   5   0   0  -1   6.4  76
  410.0 105043  0.434   749   897  1609 971  18   7   5   0   0  -1   6.4  76
  411.0 104325  0.431   749   898  1613 971  18   7   5   0   0  -1   6.4  76
  412.0 103611  0.428   749   899  1616 971  18   7   5   0   0  -1   6.4  76
  413.0 102903  0.426   749   900  1620 970  18   7   5   0   0  -1   6.4  76
  414.0 102199  0.423   749   901  1624 970  18   7   5   0   0  -1   6.4  76
  415.0 101501  0.420   749   902  1628 970  18   7   5   0   0  -1   6.4  76
  416.0 100808  0.417   749   903  1632 970  18   7   5   0   0  -1   6.4  76
  417.0 100119  0.414   749   904  1636 970  18   8   5   0   0  -1   6.4  76
  418.0  99436  0.411   749   905  1640 969  18   8   5   0   0  -1   6.4  76
  419.0  98758  0.408   749   906  1644 969  18   8   5   0   0  -1   6.4  76
  420.0  98084  0.406   749   907  1647 969  18   8   5   0   0  -1   6.4  76
  421.0  97416  0.403   749   908  1651 969  18   8   5   0   0  -1   6.4  76
  422.0  96753  0.400   749   909  1655 968  18   8   5   0   0  -1   6.4  76
  423.0  96094  0.397   749   910  1659 968  18   9   5   0   0  -1   6.4  76
  424.0  95441  0.395   749   911  1663 968  18   9   5   0   0  -1   6.4  76
  425.0  94793  0.392   749   912  1667 968  18   9   5   0   0  -1   6.4  76
  426.0  94149  0.389   749   913  1671 967  18   9   6   0   0  -1   6.4  76
  427.0  93510  0.387   749   914  1674 967  18   9   6   0   0  -1   6.4  76
  428.0  92877  0.384   749   915  1678 967  18   9   6   0   0  -1   6.4  76
  429.0  92248  0.381   749   916  1682 967  18  10   6   0   0  -1   6.4  76
  430.0  91624  0.379   749   917  1686 966  18  10   6   0   0  -1   6.4  76
  431.0  91005  0.376   749   919  1690 966  18  10   6   0   0  -1   6.4  76
  432.0  90391  0.374   749   920  1694 966  18  10   6   0   0  -1   6.4  76
  433.0  89781  0.371   749   921  1698 966  18  10   6   0   0  -1   6.4  76
  434.0  89176  0.369   749   922  1702 965  18  11   6   0   0  -1   6.4  76
  435.0  88576  0.366   749   923  1705 965  18  11   6   0   0  -1   6.4  76
  436.0  87981  0.364   749   925  1709 965  18  11   6   0   0  -1   6.4  76
  437.0  87391  0.361   749   926  1713 964  18  11   6   0   0  -1   6.4  76
  438.0  86805  0.359   749   927  1717 964  18  11   6   0   0  -1   6.4  76
  439.0  86224  0.357   749   929  1721 964  18  12   6   0   0  -1   6.4  76
  440.0  85647  0.354   749   930  1725 963  18  12   7   0   0  -1   6.4  76
  441.0  85076  0.352   749   931  1729 963  18  12   7   0   0  -1   6.4  76
  442.0  84508  0.349   749   932  1732 963  18  12   7   0   0  -1   6.4  76
  443.0  83946  0.347   749   934  1736 963  18  13   7   0   0  -1   6.4  76
  444.0  83388  0.345   749   935  1740 962  18  13   7   0   0  -1   6.4  76
  445.0  82834  0.343   749   936  1744 962  18  13   7   0   0  -1   6.4  76
  446.0  82285  0.340   749   938  1748 961  18  13   7   0   0  -1   6.4  76
  447.0  81740  0.338   749   939  1752 961  18  14   7   0   0  -1   6.4  76
  448.0  81200  0.336   749   940  1756 961  18  14   7   0   0  -1   6.4  76
  449.0  80664  0.334   749   942  1760 960  18  14   7   0   0  -1   6.4  76
  450.0  80133  0.331   749   943  1763 960  18  14   7   0   0  -1   6.4  76
  451.0  79606  0.329   749   945  1767 960  18  15   7   0   0  -1   6.4  76
  452.0  79083  0.327   749   946  1771 959  18  15   7   0   0  -1   6.4  76
  453.0  78564  0.325   749   947  1775 959  18  15   8   0   0  -1   6.4  76
  454.0  78050  0.323   749   949  1779 959  18  16   8   0   0  -1   6.4  76
  455.0  77540  0.321   749   950  1783 958  18  16   8   0   0  -1   6.4  76
  456.0  77035  0.319   749   951  1787 958  18  16   8   0   0  -1   6.4  76
  457.0  76533  0.316   749   953  1790 957  18  16   8   0   0  -1   6.4  76
  458.0  76036  0.314   749   954  1794 957  18  17   8   0   0  -1   6.4  76
  459.0  75543  0.312   749   955  1798 956  18  17   8   0   0  -1   6.4  76
  460.0  75054  0.310   749   957  1802 956  18  17   8   0   0  -1   6.4  76
  461.0  74569  0.308   749   958  1806 956  18  18   8   0   0  -1   6.4  76
  462.0  74088  0.306   749   959  1810 955  18  18   8   0   0  -1   6.4  76
  463.0  73611  0.304   749   961  1814 955  19  18   8   0   0  -1   6.4  76
  464.0  73138  0.302   749   962  1818 954  19  19   9   0   0  -1   6.4  76
  465.0  72670  0.300   749   963  1821 954  19  19   9   0   0  -1   6.4  76
  466.0  72204  0.299   749   965  1825 953  19  19   9   0   0  -1   6.4  76
  467.0  71744  0.297   749   966  1829 953  19  20   9   0   0  -1   6.4  76
  468.0  71287  0.295   749   967  1833 952  19  20   9   0   0  -1   6.4  76
  469.0  70833  0.293   749   969  1837 952  19  21   9   0   0  -1   6.4  76
  470.0  70384  0.291   749   970  1841 951  19  21   9   0   0  -1   6.4  76
  471.0  69938  0.289   749   972  1845 951  19  21   9   0   0  -1   6.4  76
  472.0  69497  0.287   749   973  1848 950  19  22   9   0   0  -1   6.4  76
  473.0  69059  0.286   749   974  1852 950  19  22   9   0   0  -1   6.4  76
  474.0  68625  0.284   749   976  1856 949  19  23   9   0   0  -1   6.4  76
  475.0  68194  0.282   749   977  1860 949  19  23  10   0   0  -1   6.4  76
  476.0  67767  0.280   749   978  1864 948  19  24  10   0   0  -1   6.4  76
  477.0  67344  0.278   749   980  1868 947  19  24  10   0   0  -1   6.4  76
  478.0  66924  0.277   749   981  1872 947  19  24  10   0   0  -1   6.4  76
  479.0  66509  0.275   749   982  1876 946  19  25  10   0   0  -1   6.4  76
  480.0  66096  0.273   749   984  1879 946  19  25  10   0   0  -1   6.4  76
  481.0  65688  0.272   749   985  1883 945  19  26  10   0   0  -1   6.4  76
  482.0  65283  0.270   749   986  1887 945  19  26  10   0   0  -1   6.4  76
  483.0  64881  0.268   749   988  1891 944  19  27  10   0   0  -1   6.4  76
  484.0  64482  0.267   749   989  1895 943  19  27  11   0   0  -1   6.4  76
  485.0  64088  0.265   749   990  1899 943  19  28  11   0   0  -1   6.4  76
  486.0  63696  0.263   749   992  1903 942  19  28  11   0   0  -1   6.4  76
  487.0  63308  0.262   749   993  1906 941  19  29  11   0   0  -1   6.4  76
  488.0  62924  0.260   749   994  1910 941  19  29  11   0   0  -1   6.4  76
  489.0  62543  0.259   749   996  1914 940  19  30  11   0   0  -1   6.4  76
  490.0  62165  0.257   749   997  1918 939  19  31  11   0   0  -1   6.4  76
  491.0  61791  0.256   749   999  1922 939  19  31  11   0   0  -1   6.4  76
  492.0  61419  0.254   749  1000  1926 938  19  32  12   0   0  -1   6.4  76
  493.0  61052  0.252   749  1001  1930 937  19  32  12   0   0  -1   6.4  76
  494.0  60687  0.251   749  1003  1933 936  19  33  12   0   0  -1   6.4  76
  495.0  60326  0.249   749  1004  1937 936  19  33  12   0   0  -1   6.4  76
  496.0  59968  0.248   749  1005  1941 935  19  34  12   0   0  -1   6.4  76
  497.0  59612  0.247   749  1007  1945 934  19  35  12   0   0  -1   6.4  76
  498.0  59260  0.245   749  1008  1949 933  19  35  12   0   0  -1   6.4  76
  499.0  58912  0.244   749  1009  1953 932  19  36  12   0   0  -1   6.4  76
  500.0  58566  0.242   749  1011  1957 932  19  37  13   0   0  -1   6.4  76
