


yyyy/mmdd(or -ddd)/hh.h):2024/ 801/10.0UT  geog Lat/Long/Alt= 80.0/  15.0/ 300.0

IRIcor2 is used for topside Ne profile
OTSB2012 plasmasphere model w/o  plasmapause
URSI maps are used for the F2 peak density (NmF2)
foF2 STORM model is turned on 
Shubin2015 model is used for F2 peak height (hmF2)
ABT-2009 option is used for the bottomside thickness parameter B0
Scotto-97 no L   option is used for the F1 occurrence probability
foE auroral storm model is turned off
IRI-1990   option is used for D-region
TBT-2012 with solar dependence is used for the electron temperature
TBKS2021 option is used for the ion temperature
RBV10+TBT15 option is used for ion composition
CGM coordinate computation is turned off
Auroral boundary computation is turned off

Peak Densities/cm-3: NmF2= 399258.3   NmF1= 231037.0   NmE= 111946.0
Peak Heights/km:     hmF2=   315.27   hmF1=     0.00   hmE=   110.00

Solar Zenith Angle/degree                              63.1
Dip (Magnetic Inclination)/degree                      83.44
Modip (Modified Dip)/degree                            74.03
Solar Sunspot Number (12-months running mean) Rz12    109.2           
Ionospheric-Effective Solar Index IG12                127.7           
Solar radio flux F10.7 (daily)                        241.4           
Solar radio flux F10.7 (81-day average)               224.7           

TEC [1.E16 m-2] is obtained by numerical integration in 1km steps
 from    65.0 to  2000.0 km. t is the percentage of TEC above the F peak.

-
   H   ELECTRON DENSITY   TEMPERATURES     ION DENSITIES[cm-3]/100    1E16m-2
   km  Ne/cm-3 Ne/NmF2 Tn/K  Ti/K  Te/K  O+  N+  H+ He+ O2+ NO+ Clust TEC t/%
    0.0     -1 -1.000    -1    -1    -1  -1  -1  -1  -1  -1  -1  -1  43.1  89
   10.0     -1 -1.000    -1    -1    -1  -1  -1  -1  -1  -1  -1  -1  43.1  89
   20.0     -1 -1.000    -1    -1    -1  -1  -1  -1  -1  -1  -1  -1  43.1  89
   30.0     -1 -1.000    -1    -1    -1  -1  -1  -1  -1  -1  -1  -1  43.1  89
   40.0     -1 -1.000    -1    -1    -1  -1  -1  -1  -1  -1  -1  -1  43.1  89
   50.0     -1 -1.000    -1    -1    -1  -1  -1  -1  -1  -1  -1  -1  43.1  89
   60.0     -1 -1.000   259   259   259  -1  -1  -1  -1  -1  -1  -1  43.1  89
   70.0    264  0.001   223   223   223  -1  -1  -1  -1  -1  -1  -1  43.1  89
   80.0    635  0.002   165   165   165   0   0   0   0   0   6  -1  43.1  89
   90.0  13231  0.033   139   139   139   0   0   0   0  17 116  -1  43.1  89
  100.0  90193  0.226   208   208   208   0   0   0   0 433 469  -1  43.1  89
  110.0 111946  0.280   344   344   344   0   0   0   0 314 804  -1  43.1  89
  120.0 106433  0.267   438   438   438   1   0   0   0 316 744  -1  43.1  89
  130.0 113415  0.284   604   604   604   5   1   0   0 315 807  -1  43.1  89
  140.0 119819  0.300   757   757   757  14   2   0   0 260 911  -1  43.1  89
  150.0 126796  0.318   883   883   883  33   3   0   0 224 988  -1  43.1  89
  160.0 134432  0.337   986   986   986  67   6   0   0 2051038  -1  43.1  89
  170.0 142834  0.358  1071  1071  1071 111  10   0   0 1951074  -1  43.1  89
  180.0 152141  0.381  1141  1141  1156 168  15   0   0 1871100  -1  43.1  89
  190.0 162535  0.407  1198  1198  1276 242  22   0   0 1791118  -1  43.1  89
  200.0 174265  0.436  1245  1245  1394 340  31   0   0 1741121  -1  43.1  89
  210.0 187691  0.470  1284  1503  1503 380  46   0   0 1731175  -1  43.1  89
  220.0 203368  0.509  1316  1596  1596 501  63   0   0 1721175  -1  43.1  89
  230.0 222251  0.557  1343  1681  1681 663  87   0   0 1711158  -1  43.1  89
  240.0 244635  0.613  1364  1764  1764 871 117   0   0 1691123  -1  43.1  89
  250.0 267870  0.671  1382  1847  18471111 152   0   0 1621066  -1  43.1  89
  260.0 291476  0.730  1397  1930  19301378 192   0   0 152 991  -1  43.1  89
  270.0 315012  0.789  1409  2012  20121662 235   0   0 140 902  -1  43.1  89
  280.0 337926  0.846  1419  2095  20951954 279   0   0 125 808  -1  43.1  89
  290.0 359515  0.900  1428  2178  21782241 322   0   0 109 713  -1  43.1  89
  300.0 378827  0.949  1435  2261  22613559 228   0   0   0   0  -1  43.1  89
  310.0 394274  0.988  1441  2344  23443705 237   0   0   0   0  -1  43.1  89
  320.0 399169  1.000  1445  2426  24263752 239   0   0   0   0  -1  43.1  89
  330.0 398988  0.999  1449  2509  25093751 238   0   0   0   0  -1  43.1  89
  340.0 398818  0.999  1453  2591  25913750 237   0   0   0   0  -1  43.1  89
  350.0 398657  0.998  1455  2669  26693750 237   0   0   0   0  -1  43.1  89
  360.0 398506  0.998  1457  2741  27413749 236   0   0   0   0  -1  43.1  89
  370.0 398363  0.998  1459  2809  28093748 235   0   0   0   0  -1  43.1  89
  380.0 398229  0.997  1461  2877  28773748 234   0   0   0   0  -1  43.1  89
  390.0 398103  0.997  1462  2945  29453747 233   0   0   0   0  -1  43.1  89
  400.0 397984  0.997  1463  3012  30123747 232   0   0   0   0  -1  43.1  89
  410.0 397872  0.997  1464  3079  30793747 231   0   0   0   0  -1  43.1  89
  420.0 397766  0.996  1465  3147  31473746 231   0   0   0   0  -1  43.1  89
  430.0 397667  0.996  1466  3214  32143746 230   0   0   0   0  -1  43.1  89
  440.0 397573  0.996  1466  3282  32823746 229   0   0   0   0  -1  43.1  89
  450.0 397486  0.996  1466  3349  33493746 228   1   0   0   0  -1  43.1  89
  460.0 397403  0.995  1467  3417  34173746 227   1   0   0   0  -1  43.1  89
  470.0 397325  0.995  1467  3484  34843746 227   1   0   0   0  -1  43.1  89
  480.0 397251  0.995  1467  3551  35513746 226   1   0   0   0  -1  43.1  89
  490.0 397183  0.995  1468  3619  36193746 225   1   0   0   0  -1  43.1  89
  500.0 397118  0.995  1468  3686  36863746 224   1   0   0   0  -1  43.1  89
  510.0 397057  0.994  1468  3753  37533746 224   1   0   0   0  -1  43.1  89
  520.0 396998  0.994  1468  3818  38183746 223   1   1   0   0  -1  43.1  89
  530.0 396945  0.994  1468  3879  38793746 222   1   1   0   0  -1  43.1  89
  540.0 396894  0.994  1468  3933  39333746 222   1   1   0   0  -1  43.1  89
  550.0 396845  0.994  1468  3973  39733746 221   1   1   0   0  -1  43.1  89
  560.0 396800  0.994  1468  3995  39953745 221   1   1   0   0  -1  43.1  89
  570.0 396759  0.994  1468  4003  40033745 221   1   1   0   0  -1  43.1  89
  580.0 396719  0.994  1468  4003  40033745 220   1   1   0   0  -1  43.1  89
  590.0 396682  0.994  1469  4000  40003745 220   1   1   0   0  -1  43.1  89
  600.0 396647  0.993  1469  3995  39953744 220   2   1   0   0  -1  43.1  89
  610.0 396614  0.993  1469  3990  39903744 220   2   1   0   0  -1  43.1  89
  620.0 396582  0.993  1469  3985  39853744 220   2   1   0   0  -1  43.1  89
  630.0 396553  0.993  1469  3979  39793743 219   2   1   0   0  -1  43.1  89
  640.0 396524  0.993  1469  3974  39743743 219   2   1   0   0  -1  43.1  89
  650.0 396498  0.993  1469  3968  39683742 219   2   1   0   0  -1  43.1  89
  660.0 396474  0.993  1469  3962  39623742 219   2   1   0   0  -1  43.1  89
  670.0 396451  0.993  1469  3957  39573742 219   3   1   0   0  -1  43.1  89
  680.0 396430  0.993  1469  3951  39513741 219   3   2   0   0  -1  43.1  89
  690.0 396409  0.993  1469  3946  39463741 219   3   2   0   0  -1  43.1  89
  700.0 396390  0.993  1469  3940  39403740 219   3   2   0   0  -1  43.1  89
  710.0 396373  0.993  1469  3935  39353740 218   4   2   0   0  -1  43.1  89
  720.0 396356  0.993  1469  3929  39293739 218   4   2   0   0  -1  43.1  89
  730.0 396340  0.993  1469  3923  39233739 218   4   2   0   0  -1  43.1  89
  740.0 396326  0.993  1469  3918  39183738 219   4   2   0   0  -1  43.1  89
  750.0 396311  0.993  1469  3913  39133737 219   5   3   0   0  -1  43.1  89
  760.0 396297  0.993  1469  3907  39073736 219   5   3   0   0  -1  43.1  89
  770.0 396285  0.993  1469  3902  39023735 219   6   3   0   0  -1  43.1  89
  780.0 396274  0.993  1469  3897  38973734 219   6   3   0   0  -1  43.1  89
  790.0 396263  0.992  1469  3892  38923733 219   7   3   0   0  -1  43.1  89
  800.0 396252  0.992  1469  3887  38873732 220   7   4   0   0  -1  43.1  89
  810.0 396242  0.992  1469  3884  38843731 220   8   4   0   0  -1  43.1  89
  820.0 396234  0.992  1469  3881  38813730 220   8   4   0   0  -1  43.1  89
  830.0 394821  0.989  1469  3880  38803715 220   9   4   0   0  -1  43.1  89
  840.0 387148  0.970  1469  3881  38813642 216   9   5   0   0  -1  43.1  89
  850.0 379626  0.951  1469  3883  38833569 212  10   5   0   0  -1  43.1  89
  860.0 372248  0.932  1469  3889  38893499 208  11   5   0   0  -1  43.1  89
  870.0 365015  0.914  1469  3896  38963429 205  11   5   0   0  -1  43.1  89
  880.0 357924  0.896  1469  3906  39063361 201  12   5   0   0  -1  43.1  89
  890.0 350971  0.879  1469  3917  39173295 198  12   6   0   0  -1  43.1  89
  900.0 344152  0.862  1469  3929  39293229 194  12   6   0   0  -1  43.1  89
  910.0 337466  0.845  1469  3942  39423165 191  13   6   0   0  -1  43.1  89
  920.0 330910  0.829  1469  3955  39553102 188  13   6   0   0  -1  43.1  89
  930.0 324483  0.813  1469  3968  39683041 185  13   6   0   0  -1  43.1  89
  940.0 318179  0.797  1469  3982  39822981 182  13   6   0   0  -1  43.1  89
  950.0 312000  0.781  1469  3995  39952922 180  13   6   0   0  -1  43.1  89
  960.0 305939  0.766  1469  4009  40092864 177  13   6   0   0  -1  43.1  89
  970.0 299997  0.751  1469  4023  40232807 174  13   6   0   0  -1  43.1  89
  980.0 294170  0.737  1469  4037  40372751 172  13   6   0   0  -1  43.1  89
  990.0 288457  0.722  1469  4051  40512697 169  13   6   0   0  -1  43.1  89
 1000.0 282855  0.708  1469  4064  40642644 167  13   5   0   0  -1  43.1  89
 1010.0 277361  0.695  1469  4078  40782591 164  12   5   0   0  -1  43.1  89
 1020.0 271975  0.681  1469  4092  40922540 162  12   5   0   0  -1  43.1  89
 1030.0 266693  0.668  1469  4106  41062490 160  12   5   0   0  -1  43.1  89
 1040.0 261513  0.655  1469  4120  41202440 157  12   5   0   0  -1  43.1  89
 1050.0 256435  0.642  1469  4134  41342392 155  12   5   0   0  -1  43.1  89
 1060.0 251455  0.630  1469  4147  41472345 153  12   5   0   0  -1  43.1  89
 1070.0 246572  0.618  1469  4161  41612298 150  12   5   0   0  -1  43.1  89
 1080.0 241783  0.606  1469  4175  41752253 148  12   5   0   0  -1  43.1  89
 1090.0 237088  0.594  1469  4189  41892208 146  12   5   0   0  -1  43.1  89
 1100.0 232484  0.582  1469  4203  42032164 144  12   5   0   0  -1  43.1  89
 1110.0 227969  0.571  1469  4217  42172121 142  12   5   0   0  -1  43.1  89
 1120.0 223542  0.560  1469  4231  42312079 140  12   5   0   0  -1  43.1  89
 1130.0 219201  0.549  1469  4244  42442038 138  11   5   0   0  -1  43.1  89
 1140.0 214944  0.538  1469  4258  42581998 136  11   5   0   0  -1  43.1  89
 1150.0 210769  0.528  1469  4272  42721958 134  11   5   0   0  -1  43.1  89
 1160.0 206676  0.518  1469  4286  42861919 132  11   5   0   0  -1  43.1  89
 1170.0 202662  0.508  1469  4300  43001881 130  11   4   0   0  -1  43.1  89
 1180.0 198726  0.498  1469  4314  43141844 128  11   4   0   0  -1  43.1  89
 1190.0 194867  0.488  1469  4328  43281807 126  11   4   0   0  -1  43.1  89
 1200.0 191082  0.479  1469  4341  43411772 124  11   4   0   0  -1  43.1  89
 1210.0 187370  0.469  1469  4355  43551736 122  11   4   0   0  -1  43.1  89
 1220.0 183731  0.460  1469  4369  43691702 120  11   4   0   0  -1  43.1  89
 1230.0 180162  0.451  1469  4383  43831668 119  11   4   0   0  -1  43.1  89
 1240.0 176662  0.442  1469  4397  43971635 117  11   4   0   0  -1  43.1  89
 1250.0 173230  0.434  1469  4411  44111603 115  10   4   0   0  -1  43.1  89
 1260.0 169865  0.425  1469  4424  44241571 113  10   4   0   0  -1  43.1  89
 1270.0 166565  0.417  1469  4438  44381540 112  10   4   0   0  -1  43.1  89
 1280.0 163328  0.409  1469  4452  44521509 110  10   4   0   0  -1  43.1  89
 1290.0 160154  0.401  1469  4466  44661479 109  10   4   0   0  -1  43.1  89
 1300.0 157042  0.393  1469  4480  44801450 107  10   4   0   0  -1  43.1  89
 1310.0 153990  0.386  1469  4493  44931421 105  10   4   0   0  -1  43.1  89
 1320.0 150997  0.378  1469  4507  45071392 104  10   4   0   0  -1  43.1  89
 1330.0 148061  0.371  1469  4521  45211365 102  10   4   0   0  -1  43.1  89
 1340.0 145182  0.364  1469  4534  45341338 101  10   4   0   0  -1  43.1  89
 1350.0 142359  0.357  1469  4547  45471311  99  10   4   0   0  -1  43.1  89
 1360.0 139590  0.350  1469  4559  45591285  98  10   4   0   0  -1  43.1  89
 1370.0 136875  0.343  1469  4571  45711259  96  10   4   0   0  -1  43.1  89
 1380.0 134212  0.336  1469  4582  45821234  95  10   4   0   0  -1  43.1  89
 1390.0 131600  0.330  1469  4591  45911210  93   9   3   0   0  -1  43.1  89
 1400.0 129038  0.323  1469  4599  45991185  92   9   3   0   0  -1  43.1  89
 1410.0 126526  0.317  1469  4605  46051162  91   9   3   0   0  -1  43.1  89
 1420.0 124061  0.311  1469  4609  46091139  89   9   3   0   0  -1  43.1  89
 1430.0 121644  0.305  1469  4612  46121116  88   9   3   0   0  -1  43.1  89
 1440.0 119273  0.299  1469  4614  46141094  87   9   3   0   0  -1  43.1  89
 1450.0 116947  0.293  1469  4616  46161072  85   9   3   0   0  -1  43.1  89
 1460.0 114666  0.287  1469  4616  46161050  84   9   3   0   0  -1  43.1  89
 1470.0 112428  0.282  1469  4617  46171029  83   9   3   0   0  -1  43.1  89
 1480.0 110233  0.276  1469  4617  46171009  81   9   3   0   0  -1  43.1  89
 1490.0 108079  0.271  1469  4617  4617 989  80   9   3   0   0  -1  43.1  89
 1500.0 105966  0.265  1469  4617  4617 969  79   9   3   0   0  -1  43.1  89
 1510.0 103892  0.260  1469  4617  4617 950  77   9   3   0   0  -1  43.1  89
 1520.0 101858  0.255  1469  4617  4617 931  76   9   3   0   0  -1  43.1  89
 1530.0  99862  0.250  1469  4617  4617 913  75   9   3   0   0  -1  43.1  89
 1540.0  97903  0.245  1469  4617  4617 894  73   8   3   0   0  -1  43.1  89
 1550.0  95980  0.240  1469  4617  4617 877  72   8   3   0   0  -1  43.1  89
 1560.0  94093  0.236  1469  4617  4617 859  70   8   3   0   0  -1  43.1  89
 1570.0  92241  0.231  1469  4616  4616 842  69   8   3   0   0  -1  43.1  89
 1580.0  90424  0.226  1469  4616  4616 826  68   8   3   0   0  -1  43.1  89
 1590.0  88639  0.222  1469  4616  4616 809  66   8   3   0   0  -1  43.1  89
 1600.0  86887  0.218  1469  4616  4616 793  65   8   3   0   0  -1  43.1  89
 1610.0  85166  0.213  1469  4616  4616 777  64   8   3   0   0  -1  43.1  89
 1620.0  83477  0.209  1469  4616  4616 762  62   8   3   0   0  -1  43.1  89
 1630.0  81818  0.205  1469  4616  4616 746  61   8   3   0   0  -1  43.1  89
 1640.0  80189  0.201  1469  4616  4616 731  60   8   3   0   0  -1  43.1  89
 1650.0  78588  0.197  1469  4616  4616 717  59   8   3   0   0  -1  43.1  89
 1660.0  77016  0.193  1469  4615  4615 702  57   8   3   0   0  -1  43.1  89
 1670.0  75471  0.189  1469  4615  4615 688  56   8   3   0   0  -1  43.1  89
 1680.0  73953  0.185  1469  4615  4615 674  55   8   3   0   0  -1  43.1  89
 1690.0  72461  0.181  1469  4615  4615 660  54   8   3   0   0  -1  43.1  89
 1700.0  70995  0.178  1469  4615  4615 647  53   8   3   0   0  -1  43.1  89
 1710.0  69554  0.174  1469  4615  4615 634  52   7   3   0   0  -1  43.1  89
 1720.0  68137  0.171  1469  4615  4615 621  51   7   3   0   0  -1  43.1  89
 1730.0  66745  0.167  1469  4615  4615 608  50   7   3   0   0  -1  43.1  89
 1740.0  65376  0.164  1469  4615  4615 595  49   7   3   0   0  -1  43.1  89
 1750.0  64030  0.160  1469  4614  4614 583  48   7   3   0   0  -1  43.1  89
 1760.0  62706  0.157  1469  4614  4614 571  47   7   3   0   0  -1  43.1  89
 1770.0  61405  0.154  1469  4614  4614 559  46   7   3   0   0  -1  43.1  89
 1780.0  60126  0.151  1469  4614  4614 547  45   7   2   0   0  -1  43.1  89
 1790.0  58868  0.147  1469  4614  4614 535  44   7   2   0   0  -1  43.1  89
 1800.0  57631  0.144  1469  4614  4614 524  43   7   2   0   0  -1  43.1  89
 1810.0  56415  0.141  1469  4614  4614 513  42   7   2   0   0  -1  43.1  89
 1820.0  55220  0.138  1469  4614  4614 502  41   7   2   0   0  -1  43.1  89
 1830.0  54046  0.135  1469  4614  4614 491  40   7   2   0   0  -1  43.1  89
 1840.0  52891  0.132  1469  4613  4613 481  39   7   2   0   0  -1  43.1  89
 1850.0  51757  0.130  1469  4613  4613 470  38   7   2   0   0  -1  43.1  89
 1860.0  50642  0.127  1469  4613  4613 460  38   7   2   0   0  -1  43.1  89
 1870.0  49547  0.124  1469  4613  4613 450  37   7   2   0   0  -1  43.1  89
 1880.0  48472  0.121  1469  4613  4613 440  36   6   2   0   0  -1  43.1  89
 1890.0  47416  0.119  1469  4613  4613 430  35   6   2   0   0  -1  43.1  89
 1900.0  46380  0.116  1469  4613  4613 421  34   6   2   0   0  -1  43.1  89
 1910.0  45363  0.114  1469  4613  4613 411  34   6   2   0   0  -1  43.1  89
 1920.0  44365  0.111  1469  4613  4613 402  33   6   2   0   0  -1  43.1  89
 1930.0  43385  0.109  1469  4612  4612 393  32   6   2   0   0  -1  43.1  89
 1940.0  42425  0.106  1469  4612  4612 385  31   6   2   0   0  -1  43.1  89
 1950.0  41483  0.104  1469  4612  4612 376  31   6   2   0   0  -1  43.1  89
 1960.0  40560  0.102  1469  4612  4612 367  30   6   2   0   0  -1  43.1  89
 1970.0  39655  0.099  1469  4612  4612 359  29   6   2   0   0  -1  43.1  89
 1980.0  38768  0.097  1469  4612  4612 351  29   6   2   0   0  -1  43.1  89
 1990.0  37900  0.095  1469  4612  4612 343  28   6   2   0   0  -1  43.1  89
 2000.0  37049  0.093  1469  4612  4612 335  27   6   2   0   0  -1  43.1  89
