


yyyy/mmdd(or -ddd)/hh.h):2012/ -42/10.0UT  geog Lat/Long/Alt=-12.0/ 283.0/ 300.0

IRIcor2 is used for topside Ne profile
OTSB2012 plasmasphere model w/o  plasmapause
URSI maps are used for the F2 peak density (NmF2)
foF2 STORM model is turned on 
Shubin2015 model is used for F2 peak height (hmF2)
ABT-2009 option is used for the bottomside thickness parameter B0
Scotto-97 no L   option is used for the F1 occurrence probability
foE auroral storm model is turned off
IRI-1990   option is used for D-region
TBT-2012 with solar dependence is used for the electron temperature
TBKS2021 option is used for the ion temperature
RBV10+TBT15 option is used for ion composition
CGM coordinate computation is turned off

Peak Densities/cm-3: NmF2= 261639.8   NmF1=      0.0   NmE=   2750.3
Peak Heights/km:     hmF2=   269.51   hmF1=     0.00   hmE=   110.00

Solar Zenith Angle/degree                             106.5
Dip (Magnetic Inclination)/degree                       0.11
Modip (Modified Dip)/degree                             0.11
Solar Sunspot Number (12-months running mean) Rz12     66.8           
Ionospheric-Effective Solar Index IG12                 77.9           
Solar radio flux F10.7 (daily)                        109.4           
Solar radio flux F10.7 (81-day average)               116.9           

TEC [1.E16 m-2] is obtained by numerical integration in 1km steps
 from    65.0 to  2000.0 km. t is the percentage of TEC above the F peak.

-
   H   ELECTRON DENSITY   TEMPERATURES      ION PERCENTAGES[%]*10    1E16m-2
   km  Ne/cm-3 Ne/NmF2 Tn/K  Ti/K  Te/K  O+  N+  H+ He+ O2+ NO+ Clust TEC t/%
   80.0    238  0.001   202   202   202   0   0   0   0   2 998  -1   9.0  80
   81.0    285  0.001   199   199   199   0   0   0   0   2 998  -1   9.0  80
   82.0    325  0.001   197   197   197   0   0   0   0   2 998  -1   9.0  80
   83.0    355  0.001   195   195   195   0   0   0   0   3 997  -1   9.0  80
   84.0    378  0.001   192   192   192   0   0   0   0   3 997  -1   9.0  80
   85.0    396  0.002   190   190   190   0   0   0   0   3 997  -1   9.0  80
   86.0    415  0.002   187   187   187   0   0   0   0   4 996  -1   9.0  80
   87.0    452  0.002   185   185   185   0   0   0   0   4 996  -1   9.0  80
   88.0    540  0.002   182   182   182   0   0   0   0   5 995  -1   9.0  80
   89.0    746  0.003   180   180   180   0   0   0   0   7 993  -1   9.0  80
   90.0   1148  0.004   177   177   177   0   0   0   0  11 989  -1   9.0  80
   91.0   1398  0.005   174   174   174   0   0   0   0  13 987  -1   9.0  80
   92.0   1641  0.006   171   171   171   0   0   0   0  15 985  -1   9.0  80
   93.0   1866  0.007   169   169   169   0   0   0   0  19 981  -1   9.0  80
   94.0   2065  0.008   167   167   167   0   0   0   0  22 978  -1   9.0  80
   95.0   2235  0.009   165   165   165   0   0   0   0  25 975  -1   9.0  80
   96.0   2375  0.009   164   164   164   0   0   0   0  28 972  -1   9.0  80
   97.0   2485  0.009   163   163   163   0   0   0   0  31 969  -1   9.0  80
   98.0   2570  0.010   163   163   163   0   0   0   0  34 966  -1   9.0  80
   99.0   2632  0.010   163   163   163   0   0   0   0  36 964  -1   9.0  80
  100.0   2676  0.010   165   165   165   0   0   0   0  38 962  -1   9.0  80
  101.0   2706  0.010   168   168   168   0   0   0   0  40 960  -1   9.0  80
  102.0   2726  0.010   172   172   172   0   0   0   0  41 959  -1   9.0  80
  103.0   2738  0.010   176   176   176   0   0   0   0  43 957  -1   9.0  80
  104.0   2744  0.010   182   182   182   0   0   0   0  44 956  -1   9.0  80
  105.0   2748  0.011   189   189   189   0   0   0   0  44 956  -1   9.0  80
  106.0   2750  0.011   197   197   197   0   0   0   0  45 955  -1   9.0  80
  107.0   2750  0.011   206   206   206   0   0   0   0  46 954  -1   9.0  80
  108.0   2750  0.011   216   216   216   0   0   0   0  46 954  -1   9.0  80
  109.0   2750  0.011   227   227   227   0   0   0   0  46 954  -1   9.0  80
  110.0   2750  0.011   240   240   240   0   0   0   0  47 953  -1   9.0  80
  111.0   2732  0.010   252   252   252   0   0   0   0  46 954  -1   9.0  80
  112.0   2681  0.010   266   266   266   0   0   0   0  46 954  -1   9.0  80
  113.0   2603  0.010   280   280   280   0   0   0   0  45 955  -1   9.0  80
  114.0   2504  0.010   295   295   295   0   0   0   0  43 957  -1   9.0  80
  115.0   2393  0.009   311   311   311   0   0   0   0  41 959  -1   9.0  80
  116.0   2273  0.009   327   327   327   0   0   0   0  39 961  -1   9.0  80
  117.0   2153  0.008   343   343   343   0   0   0   0  37 963  -1   9.0  80
  118.0   2034  0.008   360   360   360   0   0   0   0  35 965  -1   9.0  80
  119.0   1923  0.007   377   377   377   0   0   0   0  33 967  -1   9.0  80
  120.0   1820  0.007   393   393   393   0   0   0   0  31 969  -1   9.0  80
  121.0   1728  0.007   409   409   409   0   0   0   0  30 970  -1   9.0  80
  122.0   1649  0.006   424   424   424   0   0   0   0  28 972  -1   9.0  80
  123.0   1582  0.006   438   438   438   0   0   0   0  27 972  -1   9.0  80
  124.0   1530  0.006   449   449   449   0   0   0   0  27 973  -1   9.0  80
  125.0   1492  0.006   460   460   460   0   0   0   0  27 973  -1   9.0  80
  126.0   1468  0.006   471   471   471   0   0   0   0  26 973  -1   9.0  80
  127.0   1459  0.006   482   482   482   0   0   0   0  27 973  -1   9.0  80
  128.0   1465  0.006   492   492   494   0   0   0   0  27 972  -1   9.0  80
  129.0   1487  0.006   502   502   506   0   0   0   0  28 972  -1   9.0  80
  130.0   1525  0.006   511   511   519   0   0   0   0  29 971  -1   9.0  80
  131.0   1580  0.006   520   520   532   1   0   0   0  30 969  -1   9.0  80
  132.0   1652  0.006   529   529   544   1   0   0   0  32 967  -1   9.0  80
  133.0   1743  0.007   538   538   557   1   0   0   0  34 965  -1   9.0  80
  134.0   1850  0.007   546   546   569   1   0   0   0  36 963  -1   9.0  80
  135.0   1975  0.008   554   554   582   1   0   0   0  39 960  -1   9.0  80
  136.0   2114  0.008   561   561   594   1   0   0   0  42 956  -1   9.0  80
  137.0   2264  0.009   569   569   607   1   0   0   0  46 953  -1   9.0  80
  138.0   2419  0.009   576   576   620   2   0   0   0  49 949  -1   9.0  80
  139.0   2568  0.010   583   583   632   2   0   0   0  53 945  -1   9.0  80
  140.0   2698  0.010   589   589   645   2   0   0   0  56 942  -1   9.0  80
  141.0   2949  0.011   596   596   657   3   0   0   0  61 936  -1   9.0  80
  142.0   3366  0.013   602   602   670   3   0   0   0  70 927  -1   9.0  80
  143.0   3824  0.015   608   608   683   4   0   0   0  79 917  -1   9.0  80
  144.0   4326  0.017   614   614   695   5   0   0   0  89 906  -1   9.0  80
  145.0   4875  0.019   619   619   708   6   0   0   0 100 894  -1   9.0  80
  146.0   5473  0.021   625   625   720   7   0   0   0 111 882  -1   9.0  80
  147.0   6122  0.023   630   630   733   8   0   0   0 123 869  -1   9.0  80
  148.0   6823  0.026   635   635   745   9   0   0   0 136 855  -1   9.0  80
  149.0   7580  0.029   640   640   758  11   0   0   0 149 840  -1   9.0  80
  150.0   8394  0.032   644   644   771  13   0   0   0 162 825  -1   9.0  80
  151.0   9267  0.035   649   649   783  15   0   0   0 175 810  -1   9.0  80
  152.0  10200  0.039   653   653   796  17   0   0   0 189 794  -1   9.0  80
  153.0  11196  0.043   657   657   808  20   0   0   0 202 778  -1   9.0  80
  154.0  12256  0.047   661   661   821  23   0   0   0 216 761  -1   9.0  80
  155.0  13380  0.051   665   665   833  26   0   0   0 229 745  -1   9.0  80
  156.0  14572  0.056   669   669   846  29   0   0   0 242 729  -1   9.0  80
  157.0  15831  0.061   673   673   859  33   0   0   0 254 712  -1   9.0  80
  158.0  17158  0.066   676   676   871  38   0   0   0 266 696  -1   9.0  80
  159.0  18555  0.071   680   680   884  43   0   0   0 277 680  -1   9.0  80
  160.0  20022  0.077   683   683   896  48   0   0   0 287 664  -1   9.0  80
  161.0  21559  0.082   686   686   909  54   0   0   0 297 649  -1   9.0  80
  162.0  23168  0.089   689   689   921  60   0   0   0 305 634  -1   9.0  80
  163.0  24847  0.095   692   692   934  67   0   0   0 313 619  -1   9.0  80
  164.0  26598  0.102   695   695   947  74   0   0   0 320 605  -1   9.0  80
  165.0  28419  0.109   698   698   959  82   0   0   0 326 590  -1   9.0  80
  166.0  30311  0.116   700   700   972  91   0   0   0 331 577  -1   9.0  80
  167.0  32273  0.123   703   703   984 100   0   0   0 335 563  -1   9.0  80
  168.0  34305  0.131   706   706   997 111   0   0   0 338 550  -1   9.0  80
  169.0  36406  0.139   708   708  1010 121   0   0   0 341 537  -1   9.0  80
  170.0  38575  0.147   710   710  1022 133   0   0   0 342 524  -1   9.0  80
  171.0  40810  0.156   712   712  1035 145   0   0   0 342 511  -1   9.0  80
  172.0  43111  0.165   715   715  1047 158   0   0   0 342 499  -1   9.0  80
  173.0  45476  0.174   717   717  1060 171   0   0   0 340 487  -1   9.0  80
  174.0  47904  0.183   719   719  1072 185   0   0   0 338 475  -1   9.0  80
  175.0  50393  0.193   721   721  1085 200   0   0   0 335 462  -1   9.0  80
  176.0  52942  0.202   723   723  1097 216   0   0   0 331 450  -1   9.0  80
  177.0  55548  0.212   724   724  1110 232   0   0   0 327 438  -1   9.0  80
  178.0  58210  0.222   726   726  1123 249   0   0   0 322 427  -1   9.0  80
  179.0  60925  0.233   728   728  1135 266   0   0   0 317 415  -1   9.0  80
  180.0  63691  0.243   729   729  1148 284   0   0   0 310 403  -1   9.0  80
  181.0  66507  0.254   731   731  1160 302   0   0   0 304 391  -1   9.0  80
  182.0  69369  0.265   733   733  1173 321   0   0   0 297 379  -1   9.0  80
  183.0  72276  0.276   734   734  1185 340   0   0   0 290 367  -1   9.0  80
  184.0  75225  0.288   735   735  1198 359   1   0   0 282 356  -1   9.0  80
  185.0  78212  0.299   737   737  1210 379   1   0   0 274 344  -1   9.0  80
  186.0  81237  0.310   738   738  1223 399   1   0   0 266 333  -1   9.0  80
  187.0  84295  0.322   739   739  1235 419   1   0   0 257 321  -1   9.0  80
  188.0  87385  0.334   741   741  1247 438   1   0   0 248 310  -1   9.0  80
  189.0  90504  0.346   742   742  1260 458   1   0   0 240 299  -1   9.0  80
  190.0  93648  0.358   743   743  1272 478   1   0   0 231 288  -1   9.0  80
  191.0  96815  0.370   744   744  1284 498   1   0   0 222 277  -1   9.0  80
  192.0 100003  0.382   745   745  1296 517   1   0   0 213 266  -1   9.0  80
  193.0 103208  0.394   746   746  1308 536   1   0   0 205 256  -1   9.0  80
  194.0 106428  0.407   747   747  1320 555   1   0   0 196 245  -1   9.0  80
  195.0 109660  0.419   748   748  1332 573   1   0   0 188 235  -1   9.0  80
  196.0 112901  0.432   749   749  1344 591   1   0   0 180 225  -1   9.0  80
  197.0 116148  0.444   750   750  1355 609   1   0   0 172 216  -1   9.0  80
  198.0 119400  0.456   751   751  1366 626   1   0   0 164 207  -1   9.0  80
  199.0 122652  0.469   752   752  1377 643   1   0   0 156 197  -1   9.0  80
  200.0 125906  0.481   753   753  1387 659   1   0   0 149 189  -1   9.0  80
  201.0 129172  0.494   753  1398  1398 611   1   0   0 125 258  -1   9.0  80
  202.0 132449  0.506   754  1407  1407 624   1   0   0 120 250  -1   9.0  80
  203.0 135735  0.519   755  1416  1416 638   1   0   0 114 242  -1   9.0  80
  204.0 139025  0.531   756  1425  1425 652   1   0   0 108 234  -1   9.0  80
  205.0 142318  0.544   756  1433  1433 665   1   0   0 103 226  -1   9.0  80
  206.0 145611  0.557   757  1440  1440 678   1   0   0  98 218  -1   9.0  80
  207.0 148900  0.569   758  1447  1447 691   1   0   0  93 210  -1   9.0  80
  208.0 152182  0.582   758  1452  1452 704   1   0   0  88 202  -1   9.0  80
  209.0 155456  0.594   759  1457  1457 717   1   0   0  84 193  -1   9.0  80
  210.0 158718  0.607   759  1461  1461 729   1   0   0  79 185  -1   9.0  80
  211.0 161964  0.619   760  1464  1464 742   1   0   0  75 177  -1   9.0  80
  212.0 165193  0.631   761  1466  1466 754   1   0   0  71 169  -1   9.0  80
  213.0 168401  0.644   761  1468  1468 766   1   0   0  67 161  -1   9.0  80
  214.0 171586  0.656   762  1469  1469 777   1   0   0  64 154  -1   9.0  80
  215.0 174745  0.668   762  1469  1469 788   1   0   0  60 146  -1   9.0  80
  216.0 177874  0.680   763  1468  1468 799   1   0   0  57 139  -1   9.0  80
  217.0 180972  0.692   763  1467  1467 809   1   0   0  53 132  -1   9.0  80
  218.0 184036  0.703   763  1465  1465 819   1   0   0  50 125  -1   9.0  80
  219.0 187063  0.715   764  1463  1463 829   1   0   0  47 118  -1   9.0  80
  220.0 190050  0.726   764  1460  1460 838   1   0   0  45 112  -1   9.0  80
  221.0 192996  0.738   765  1457  1457 847   1   0   0  42 106  -1   9.0  80
  222.0 195897  0.749   765  1454  1454 856   1   0   0  40 100  -1   9.0  80
  223.0 198752  0.760   765  1451  1451 864   1   0   0  37  94  -1   9.0  80
  224.0 201558  0.770   766  1447  1447 871   1   0   0  35  89  -1   9.0  80
  225.0 204313  0.781   766  1443  1443 878   1   0   0  33  84  -1   9.0  80
  226.0 207015  0.791   766  1440  1440 885   1   0   0  31  79  -1   9.0  80
  227.0 209661  0.801   767  1435  1435 892   1   0   0  29  75  -1   9.0  80
  228.0 212251  0.811   767  1431  1431 898   1   0   0  28  70  -1   9.0  80
  229.0 214783  0.821   767  1427  1427 904   1   0   0  26  66  -1   9.0  80
  230.0 217254  0.830   768  1423  1423 909   1   0   0  24  63  -1   9.0  80
  231.0 219664  0.840   768  1419  1419 914   1   0   0  23  59  -1   9.0  80
  232.0 222010  0.849   768  1414  1414 919   1   0   0  22  56  -1   9.0  80
  233.0 224291  0.857   768  1410  1410 924   1   0   0  20  52  -1   9.0  80
  234.0 226507  0.866   769  1405  1405 928   1   0   0  19  49  -1   9.0  80
  235.0 228655  0.874   769  1401  1401 932   1   0   0  18  47  -1   9.0  80
  236.0 230736  0.882   769  1396  1396 936   1   0   0  17  44  -1   9.0  80
  237.0 232748  0.890   769  1392  1392 939   1   0   0  16  41  -1   9.0  80
  238.0 234691  0.897   770  1387  1387 943   1   0   0  15  39  -1   9.0  80
  239.0 236563  0.904   770  1383  1383 946   1   0   0  14  37  -1   9.0  80
  240.0 238364  0.911   770  1378  1378 949   1   0   0  13  35  -1   9.0  80
  241.0 240095  0.918   770  1374  1374 952   1   0   0  13  33  -1   9.0  80
  242.0 241753  0.924   770  1369  1369 954   1   0   0  12  31  -1   9.0  80
  243.0 243341  0.930   771  1365  1365 957   1   0   0  11  29  -1   9.0  80
  244.0 244857  0.936   771  1360  1360 959   1   0   0  11  28  -1   9.0  80
  245.0 246301  0.941   771  1355  1355 961   1   0   0  10  26  -1   9.0  80
  246.0 247674  0.947   771  1351  1351 963   1   0   0  10  25  -1   9.0  80
  247.0 248976  0.952   771  1346  1346 965   1   0   0   9  23  -1   9.0  80
  248.0 250207  0.956   772  1342  1342 967   1   0   0   9  22  -1   9.0  80
  249.0 251368  0.961   772  1337  1337 969   1   0   0   8  21  -1   9.0  80
  250.0 252460  0.965   772  1333  1333 971   1   0   0   8  20  -1   9.0  80
  251.0 253483  0.969   772  1328  1328 972   1   0   0   7  19  -1   9.0  80
  252.0 254438  0.972   772  1323  1323 974   1   0   0   7  18  -1   9.0  80
  253.0 255327  0.976   772  1319  1319 975   1   0   0   6  17  -1   9.0  80
  254.0 256149  0.979   772  1314  1314 976   1   0   0   6  16  -1   9.0  80
  255.0 256907  0.982   772  1310  1310 977   1   0   0   6  15  -1   9.0  80
  256.0 257602  0.985   773  1305  1305 979   1   0   0   6  14  -1   9.0  80
  257.0 258235  0.987   773  1300  1300 980   1   0   0   5  13  -1   9.0  80
  258.0 258807  0.989   773  1296  1296 981   1   0   0   5  13  -1   9.0  80
  259.0 259321  0.991   773  1291  1291 982   1   0   0   5  12  -1   9.0  80
  260.0 259777  0.993   773  1287  1287 983   1   0   0   4  11  -1   9.0  80
  261.0 260178  0.994   773  1282  1282 984   1   0   0   4  11  -1   9.0  80
  262.0 260525  0.996   773  1278  1278 984   1   0   0   4  10  -1   9.0  80
  263.0 260821  0.997   773  1273  1273 985   1   0   0   4  10  -1   9.0  80
  264.0 261067  0.998   773  1268  1268 986   1   0   0   4   9  -1   9.0  80
  265.0 261265  0.999   774  1264  1264 987   1   0   0   3   9  -1   9.0  80
  266.0 261419  0.999   774  1259  1259 987   1   0   0   3   8  -1   9.0  80
  267.0 261530  1.000   774  1255  1255 988   1   0   0   3   8  -1   9.0  80
  268.0 261601  1.000   774  1250  1250 988   0   0   0   3   7  -1   9.0  80
  269.0 261636  1.000   774  1245  1245 989   0   0   0   3   7  -1   9.0  80
  270.0 261640  1.000   774  1241  1241 990   0   0   0   3   7  -1   9.0  80
  271.0 261640  1.000   774  1236  1236 990   0   0   0   3   6  -1   9.0  80
  272.0 261640  1.000   774  1232  1232 991   0   0   0   2   6  -1   9.0  80
  273.0 261640  1.000   774  1227  1227 991   0   0   0   2   6  -1   9.0  80
  274.0 261640  1.000   774  1222  1222 991   0   0   0   2   5  -1   9.0  80
  275.0 261640  1.000   774  1218  1218 992   0   0   0   2   5  -1   9.0  80
  276.0 261640  1.000   774  1213  1213 992   0   0   0   2   5  -1   9.0  80
  277.0 261640  1.000   774  1209  1209 993   0   0   0   2   5  -1   9.0  80
  278.0 261640  1.000   774  1204  1204 993   0   0   0   2   4  -1   9.0  80
  279.0 261640  1.000   774  1200  1200 993   0   0   0   2   4  -1   9.0  80
  280.0 261640  1.000   775  1195  1195 994   0   0   0   2   4  -1   9.0  80
  281.0 261640  1.000   775  1190  1190 994   0   0   0   2   4  -1   9.0  80
  282.0 261640  1.000   775  1186  1186 994   0   0   0   1   4  -1   9.0  80
  283.0 261640  1.000   775  1181  1181 995   0   0   0   1   3  -1   9.0  80
  284.0 261640  1.000   775  1177  1177 995   0   0   0   1   3  -1   9.0  80
  285.0 261640  1.000   775  1172  1172 995   0   0   0   1   3  -1   9.0  80
  286.0 261640  1.000   775  1167  1167 995   0   0   0   1   3  -1   9.0  80
  287.0 261640  1.000   775  1163  1163 996   0   0   0   1   3  -1   9.0  80
  288.0 261640  1.000   775  1158  1158 996   0   0   0   1   3  -1   9.0  80
  289.0 261640  1.000   775  1154  1154 996   0   0   0   1   2  -1   9.0  80
  290.0 261640  1.000   775  1149  1149 996   0   0   0   1   2  -1   9.0  80
  291.0 261640  1.000   775  1145  1145 996   0   0   0   1   2  -1   9.0  80
  292.0 261640  1.000   775  1140  1140 997   0   0   0   1   2  -1   9.0  80
  293.0 261501  0.999   775  1135  1135 997   0   0   0   1   2  -1   9.0  80
  294.0 261249  0.999   775  1131  1131 997   0   0   0   1   2  -1   9.0  80
  295.0 260980  0.997   775  1126  1126 997   0   0   0   1   2  -1   9.0  80
  296.0 260692  0.996   775  1122  1122 997   0   0   0   1   2  -1   9.0  80
  297.0 260386  0.995   775  1117  1117 997   0   0   0   1   2  -1   9.0  80
  298.0 260061  0.994   775  1112  1112 997   0   0   0   1   2  -1   9.0  80
  299.0 259719  0.993   775  1108  1108 998   0   0   0   1   1  -1   9.0  80
  300.0 259360  0.991   775  1103  1103 991   8   1   1   0   0  -1   9.0  80
  301.0 258982  0.990   775  1099  1099 991   8   1   1   0   0  -1   9.0  80
  302.0 258587  0.988   775  1094  1094 990   8   1   1   0   0  -1   9.0  80
  303.0 258195  0.987   775  1090  1090 990   8   1   1   0   0  -1   9.0  80
  304.0 257818  0.985   775  1085  1085 990   8   1   1   0   0  -1   9.0  80
  305.0 257426  0.984   775  1080  1080 990   8   1   1   0   0  -1   9.0  80
  306.0 257019  0.982   775  1076  1076 990   8   1   1   0   0  -1   9.0  80
  307.0 256596  0.981   775  1071  1071 990   9   1   1   0   0  -1   9.0  80
  308.0 256160  0.979   775  1067  1067 990   9   1   1   0   0  -1   9.0  80
  309.0 255709  0.977   776  1062  1062 990   9   1   1   0   0  -1   9.0  80
  310.0 255244  0.976   776  1057  1057 990   9   1   1   0   0  -1   9.0  80
  311.0 254765  0.974   776  1053  1053 990   9   1   1   0   0  -1   9.0  80
  312.0 254273  0.972   776  1048  1048 990   9   1   1   0   0  -1   9.0  80
  313.0 253769  0.970   776  1044  1044 990   9   1   1   0   0  -1   9.0  80
  314.0 253250  0.968   776  1039  1039 990   9   1   1   0   0  -1   9.0  80
  315.0 252719  0.966   776  1035  1035 990   9   1   1   0   0  -1   9.0  80
  316.0 252175  0.964   776  1030  1030 990   9   1   1   0   0  -1   9.0  80
  317.0 251619  0.962   776  1025  1025 990   9   1   1   0   0  -1   9.0  80
  318.0 251051  0.960   776  1021  1021 989   9   1   1   0   0  -1   9.0  80
  319.0 250471  0.957   776  1016  1016 989   9   1   1   0   0  -1   9.0  80
  320.0 249880  0.955   776  1012  1012 989   9   1   1   0   0  -1   9.0  80
  321.0 249278  0.953   776  1007  1007 989   9   1   1   0   0  -1   9.0  80
  322.0 248664  0.950   776  1002  1002 989   9   1   1   0   0  -1   9.0  80
  323.0 248039  0.948   776   998   998 989   9   1   1   0   0  -1   9.0  80
  324.0 247404  0.946   776   993   993 989   9   1   1   0   0  -1   9.0  80
  325.0 246758  0.943   776   989   989 989   9   1   1   0   0  -1   9.0  80
  326.0 246103  0.941   776   984   984 989   9   1   1   0   0  -1   9.0  80
  327.0 245437  0.938   776   980   980 989   9   1   1   0   0  -1   9.0  80
  328.0 244762  0.935   776   975   975 989   9   1   1   0   0  -1   9.0  80
  329.0 244077  0.933   776   971   971 989   9   1   1   0   0  -1   9.0  80
  330.0 243384  0.930   776   966   966 989   9   1   1   0   0  -1   9.0  80
  331.0 242681  0.928   776   962   962 989  10   1   1   0   0  -1   9.0  80
  332.0 241970  0.925   776   957   957 988  10   1   1   0   0  -1   9.0  80
  333.0 241250  0.922   776   953   953 988  10   1   1   0   0  -1   9.0  80
  334.0 240522  0.919   776   949   949 988  10   1   1   0   0  -1   9.0  80
  335.0 239786  0.916   776   944   944 988  10   1   1   0   0  -1   9.0  80
  336.0 238923  0.913   776   940   940 988  10   1   1   0   0  -1   9.0  80
  337.0 237750  0.909   776   936   936 988  10   1   1   0   0  -1   9.0  80
  338.0 236573  0.904   776   932   932 988  10   1   1   0   0  -1   9.0  80
  339.0 235392  0.900   776   928   928 988  10   1   1   0   0  -1   9.0  80
  340.0 234208  0.895   776   924   924 988  10   1   1   0   0  -1   9.0  80
  341.0 233020  0.891   776   920   920 988  10   1   1   0   0  -1   9.0  80
  342.0 231830  0.886   776   917   917 988  10   1   1   0   0  -1   9.0  80
  343.0 230638  0.882   776   913   913 988  10   1   1   0   0  -1   9.0  80
  344.0 229443  0.877   776   910   910 987  10   1   1   0   0  -1   9.0  80
  345.0 228246  0.872   776   907   907 987  10   1   1   0   0  -1   9.0  80
  346.0 227046  0.868   776   905   905 987  10   2   1   0   0  -1   9.0  80
  347.0 225846  0.863   776   902   902 987  10   2   1   0   0  -1   9.0  80
  348.0 224644  0.859   776   900   900 987  10   2   1   0   0  -1   9.0  80
  349.0 223441  0.854   776   898   898 987  10   2   1   0   0  -1   9.0  80
  350.0 222236  0.849   776   897   897 987  10   2   1   0   0  -1   9.0  80
  351.0 221031  0.845   776   896   896 987  10   2   1   0   0  -1   9.0  80
  352.0 219826  0.840   776   895   895 987  10   2   1   0   0  -1   9.0  80
  353.0 218619  0.836   776   894   894 987  10   2   1   0   0  -1   9.0  80
  354.0 217414  0.831   776   894   894 986  11   2   1   0   0  -1   9.0  80
  355.0 216208  0.826   776   894   894 986  11   2   1   0   0  -1   9.0  80
  356.0 215002  0.822   776   895   895 986  11   2   1   0   0  -1   9.0  80
  357.0 213797  0.817   776   895   895 986  11   2   1   0   0  -1   9.0  80
  358.0 212592  0.813   776   896   896 986  11   2   1   0   0  -1   9.0  80
  359.0 211389  0.808   776   897   897 986  11   2   1   0   0  -1   9.0  80
  360.0 210186  0.803   776   898   898 986  11   2   1   0   0  -1   9.0  80
  361.0 208985  0.799   776   899   899 986  11   2   1   0   0  -1   9.0  80
  362.0 207785  0.794   776   901   901 986  11   2   1   0   0  -1   9.0  80
  363.0 206587  0.790   776   902   902 985  11   2   1   0   0  -1   9.0  80
  364.0 205390  0.785   776   904   904 985  11   2   1   0   0  -1   9.0  80
  365.0 204196  0.780   776   906   906 985  11   2   1   0   0  -1   9.0  80
  366.0 203004  0.776   776   907   907 985  11   2   1   0   0  -1   9.0  80
  367.0 201814  0.771   776   909   909 985  11   2   1   0   0  -1   9.0  80
  368.0 200627  0.767   776   911   911 985  11   2   1   0   0  -1   9.0  80
  369.0 199442  0.762   776   913   913 985  11   2   1   0   0  -1   9.0  80
  370.0 198260  0.758   776   915   915 985  11   3   2   0   0  -1   9.0  80
  371.0 197081  0.753   776   916   916 985  11   3   2   0   0  -1   9.0  80
  372.0 195906  0.749   776   918   918 984  11   3   2   0   0  -1   9.0  80
  373.0 194734  0.744   776   920   920 984  11   3   2   0   0  -1   9.0  80
  374.0 193565  0.740   776   922   922 984  12   3   2   0   0  -1   9.0  80
  375.0 192399  0.735   776   924   924 984  12   3   2   0   0  -1   9.0  80
  376.0 191238  0.731   776   926   926 984  12   3   2   0   0  -1   9.0  80
  377.0 190081  0.726   776   928   928 984  12   3   2   0   0  -1   9.0  80
  378.0 188928  0.722   776   930   930 984  12   3   2   0   0  -1   9.0  80
  379.0 187778  0.718   776   932   932 983  12   3   2   0   0  -1   9.0  80
  380.0 186633  0.713   776   934   934 983  12   3   2   0   0  -1   9.0  80
  381.0 185493  0.709   776   936   936 983  12   3   2   0   0  -1   9.0  80
  382.0 184358  0.705   776   938   938 983  12   3   2   0   0  -1   9.0  80
  383.0 183227  0.700   776   940   940 983  12   3   2   0   0  -1   9.0  80
  384.0 182101  0.696   776   942   942 983  12   3   2   0   0  -1   9.0  80
  385.0 180980  0.692   776   944   944 983  12   3   2   0   0  -1   9.0  80
  386.0 179865  0.687   776   946   946 982  12   4   2   0   0  -1   9.0  80
  387.0 178754  0.683   776   948   948 982  12   4   2   0   0  -1   9.0  80
  388.0 177649  0.679   776   950   950 982  12   4   2   0   0  -1   9.0  80
  389.0 176550  0.675   776   952   952 982  12   4   2   0   0  -1   9.0  80
  390.0 175457  0.671   776   954   954 982  12   4   2   0   0  -1   9.0  80
  391.0 174369  0.666   776   956   956 982  12   4   2   0   0  -1   9.0  80
  392.0 173287  0.662   776   958   958 982  12   4   2   0   0  -1   9.0  80
  393.0 172211  0.658   776   960   960 981  13   4   2   0   0  -1   9.0  80
  394.0 171142  0.654   776   962   962 981  13   4   2   0   0  -1   9.0  80
  395.0 170078  0.650   776   964   964 981  13   4   2   0   0  -1   9.0  80
  396.0 169021  0.646   776   966   966 981  13   4   2   0   0  -1   9.0  80
  397.0 167971  0.642   776   968   968 981  13   4   2   0   0  -1   9.0  80
  398.0 166927  0.638   776   970   970 980  13   4   2   0   0  -1   9.0  80
  399.0 165890  0.634   776   972   972 980  13   5   2   0   0  -1   9.0  80
  400.0 164860  0.630   776   974   974 980  13   5   2   0   0  -1   9.0  80
  401.0 163836  0.626   776   976   976 980  13   5   2   0   0  -1   9.0  80
  402.0 162819  0.622   776   978   978 980  13   5   2   0   0  -1   9.0  80
  403.0 161810  0.618   776   980   980 980  13   5   2   0   0  -1   9.0  80
  404.0 160808  0.615   776   982   982 979  13   5   2   0   0  -1   9.0  80
  405.0 159813  0.611   776   984   984 979  13   5   2   0   0  -1   9.0  80
  406.0 158826  0.607   776   986   986 979  13   5   2   0   0  -1   9.0  80
  407.0 157846  0.603   776   988   988 979  13   5   2   0   0  -1   9.0  80
  408.0 156874  0.600   776   990   990 979  13   6   3   0   0  -1   9.0  80
  409.0 155908  0.596   776   992   992 978  13   6   3   0   0  -1   9.0  80
  410.0 154951  0.592   776   994   994 978  13   6   3   0   0  -1   9.0  80
  411.0 154002  0.589   776   996   996 978  14   6   3   0   0  -1   9.0  80
  412.0 153060  0.585   776   998   998 978  14   6   3   0   0  -1   9.0  80
  413.0 152126  0.581   776  1000  1000 977  14   6   3   0   0  -1   9.0  80
  414.0 151201  0.578   776  1002  1002 977  14   6   3   0   0  -1   9.0  80
  415.0 150283  0.574   776  1004  1004 977  14   6   3   0   0  -1   9.0  80
  416.0 149374  0.571   776  1006  1006 977  14   7   3   0   0  -1   9.0  80
  417.0 148473  0.567   776  1008  1008 977  14   7   3   0   0  -1   9.0  80
  418.0 147580  0.564   776  1010  1010 976  14   7   3   0   0  -1   9.0  80
  419.0 146695  0.561   776  1012  1012 976  14   7   3   0   0  -1   9.0  80
  420.0 145819  0.557   776  1014  1014 976  14   7   3   0   0  -1   9.0  80
  421.0 144951  0.554   776  1016  1016 976  14   7   3   0   0  -1   9.0  80
  422.0 144092  0.551   776  1018  1018 975  14   7   3   0   0  -1   9.0  80
  423.0 143241  0.547   776  1020  1020 975  14   8   3   0   0  -1   9.0  80
  424.0 142399  0.544   776  1022  1022 975  14   8   3   0   0  -1   9.0  80
  425.0 141565  0.541   776  1024  1024 975  14   8   3   0   0  -1   9.0  80
  426.0 140740  0.538   776  1026  1026 974  14   8   3   0   0  -1   9.0  80
  427.0 139923  0.535   776  1028  1028 974  15   8   3   0   0  -1   9.0  80
  428.0 139115  0.532   776  1030  1030 974  15   8   3   0   0  -1   9.0  80
  429.0 138316  0.529   776  1032  1032 973  15   9   3   0   0  -1   9.0  80
  430.0 137525  0.526   776  1034  1034 973  15   9   3   0   0  -1   9.0  80
  431.0 136744  0.523   776  1036  1036 973  15   9   3   0   0  -1   9.0  80
  432.0 135971  0.520   776  1038  1038 973  15   9   4   0   0  -1   9.0  80
  433.0 135207  0.517   776  1040  1040 972  15   9   4   0   0  -1   9.0  80
  434.0 134451  0.514   776  1042  1042 972  15  10   4   0   0  -1   9.0  80
  435.0 133705  0.511   776  1044  1044 972  15  10   4   0   0  -1   9.0  80
  436.0 132967  0.508   776  1046  1046 971  15  10   4   0   0  -1   9.0  80
  437.0 132238  0.505   776  1048  1048 971  15  10   4   0   0  -1   9.0  80
  438.0 131517  0.503   776  1050  1050 971  15  10   4   0   0  -1   9.0  80
  439.0 130806  0.500   776  1052  1052 970  15  11   4   0   0  -1   9.0  80
  440.0 130103  0.497   776  1054  1054 970  15  11   4   0   0  -1   9.0  80
  441.0 129408  0.495   776  1056  1056 970  15  11   4   0   0  -1   9.0  80
  442.0 128723  0.492   776  1058  1058 969  15  11   4   0   0  -1   9.0  80
  443.0 128047  0.489   776  1060  1060 969  16  11   4   0   0  -1   9.0  80
  444.0 127378  0.487   776  1062  1062 969  16  12   4   0   0  -1   9.0  80
  445.0 126718  0.484   776  1064  1064 968  16  12   4   0   0  -1   9.0  80
  446.0 126067  0.482   776  1066  1066 968  16  12   4   0   0  -1   9.0  80
  447.0 125425  0.479   776  1068  1068 967  16  12   4   0   0  -1   9.0  80
  448.0 124791  0.477   776  1070  1070 967  16  13   4   0   0  -1   9.0  80
  449.0 124166  0.475   776  1072  1072 967  16  13   4   0   0  -1   9.0  80
  450.0 123549  0.472   776  1074  1074 966  16  13   4   0   0  -1   9.0  80
  451.0 122940  0.470   776  1076  1076 966  16  14   5   0   0  -1   9.0  80
  452.0 122340  0.468   776  1078  1078 965  16  14   5   0   0  -1   9.0  80
  453.0 121748  0.465   776  1080  1080 965  16  14   5   0   0  -1   9.0  80
  454.0 121164  0.463   776  1082  1082 965  16  14   5   0   0  -1   9.0  80
  455.0 120588  0.461   776  1084  1084 964  16  15   5   0   0  -1   9.0  80
  456.0 120020  0.459   776  1086  1086 964  16  15   5   0   0  -1   9.0  80
  457.0 119460  0.457   776  1088  1088 963  16  15   5   0   0  -1   9.0  80
  458.0 118908  0.454   776  1090  1090 963  17  16   5   0   0  -1   9.0  80
  459.0 118365  0.452   776  1092  1092 962  17  16   5   0   0  -1   9.0  80
  460.0 117828  0.450   776  1094  1094 962  17  16   5   0   0  -1   9.0  80
  461.0 117299  0.448   776  1096  1096 961  17  17   5   0   0  -1   9.0  80
  462.0 116778  0.446   776  1098  1098 961  17  17   5   0   0  -1   9.0  80
  463.0 116265  0.444   776  1100  1100 961  17  17   5   0   0  -1   9.0  80
  464.0 115759  0.442   776  1102  1102 960  17  18   5   0   0  -1   9.0  80
  465.0 115260  0.441   776  1104  1104 960  17  18   5   0   0  -1   9.0  80
  466.0 114769  0.439   776  1106  1106 959  17  18   6   0   0  -1   9.0  80
  467.0 114284  0.437   776  1108  1108 958  17  19   6   0   0  -1   9.0  80
  468.0 113807  0.435   776  1110  1110 958  17  19   6   0   0  -1   9.0  80
  469.0 113337  0.433   776  1112  1112 957  17  20   6   0   0  -1   9.0  80
  470.0 112873  0.431   776  1114  1114 957  17  20   6   0   0  -1   9.0  80
  471.0 112417  0.430   776  1116  1116 956  17  20   6   0   0  -1   9.0  80
  472.0 111966  0.428   776  1118  1118 956  18  21   6   0   0  -1   9.0  80
  473.0 111522  0.426   776  1120  1120 955  18  21   6   0   0  -1   9.0  80
  474.0 111085  0.425   776  1122  1122 955  18  22   6   0   0  -1   9.0  80
  475.0 110654  0.423   776  1124  1124 954  18  22   6   0   0  -1   9.0  80
  476.0 110230  0.421   776  1126  1126 953  18  23   6   0   0  -1   9.0  80
  477.0 109811  0.420   776  1128  1128 953  18  23   6   0   0  -1   9.0  80
  478.0 109398  0.418   776  1130  1130 952  18  23   6   0   0  -1   9.0  80
  479.0 108990  0.417   776  1132  1132 951  18  24   7   0   0  -1   9.0  80
  480.0 108589  0.415   776  1134  1134 951  18  24   7   0   0  -1   9.0  80
  481.0 108194  0.414   776  1136  1136 950  18  25   7   0   0  -1   9.0  80
  482.0 107803  0.412   776  1138  1138 949  18  25   7   0   0  -1   9.0  80
  483.0 107418  0.411   776  1140  1140 949  18  26   7   0   0  -1   9.0  80
  484.0 107039  0.409   776  1142  1142 948  18  27   7   0   0  -1   9.0  80
  485.0 106664  0.408   776  1144  1144 947  18  27   7   0   0  -1   9.0  80
  486.0 106294  0.406   776  1146  1146 947  19  28   7   0   0  -1   9.0  80
  487.0 105929  0.405   776  1148  1148 946  19  28   7   0   0  -1   9.0  80
  488.0 105569  0.403   776  1150  1150 945  19  29   7   0   0  -1   9.0  80
  489.0 105212  0.402   776  1152  1152 944  19  29   7   0   0  -1   9.0  80
  490.0 104861  0.401   776  1154  1154 944  19  30   8   0   0  -1   9.0  80
  491.0 104514  0.399   776  1156  1156 943  19  31   8   0   0  -1   9.0  80
  492.0 104170  0.398   776  1158  1158 942  19  31   8   0   0  -1   9.0  80
  493.0 103831  0.397   776  1160  1160 941  19  32   8   0   0  -1   9.0  80
  494.0 103496  0.396   776  1162  1162 941  19  32   8   0   0  -1   9.0  80
  495.0 103164  0.394   776  1164  1164 940  19  33   8   0   0  -1   9.0  80
  496.0 102836  0.393   776  1166  1166 939  19  34   8   0   0  -1   9.0  80
  497.0 102511  0.392   776  1168  1168 938  19  34   8   0   0  -1   9.0  80
  498.0 102190  0.391   776  1170  1170 937  19  35   8   0   0  -1   9.0  80
  499.0 101871  0.389   776  1172  1172 936  19  36   9   0   0  -1   9.0  80
  500.0 101556  0.388   776  1174  1174 935  20  36   9   0   0  -1   9.0  80
