


yyyy/mmdd(or -ddd)/hh.h):2012/ -42/10.0UT  geog Lat/Long/Alt= 70.0/  19.0/ 300.0

IRIcor2 is used for topside Ne profile
OTSB2012 plasmasphere model w/o  plasmapause
URSI maps are used for the F2 peak density (NmF2)
foF2 STORM model is turned on 
Shubin2015 model is used for F2 peak height (hmF2)
ABT-2009 option is used for the bottomside thickness parameter B0
Scotto-97 no L   option is used for the F1 occurrence probability
foE auroral storm model is turned off
IRI-1990   option is used for D-region
TBT-2012 with solar dependence is used for the electron temperature
TBKS2021 option is used for the ion temperature
RBV10+TBT15 option is used for ion composition
CGM coordinate computation is turned off

Peak Densities/cm-3: NmF2= 530561.8   NmF1= 124250.9   NmE=  44364.2
Peak Heights/km:     hmF2=   239.75   hmF1=     0.00   hmE=   110.00

Solar Zenith Angle/degree                              84.2
Dip (Magnetic Inclination)/degree                      78.28
Modip (Modified Dip)/degree                            66.83
Solar Sunspot Number (12-months running mean) Rz12     66.8           
Ionospheric-Effective Solar Index IG12                 77.9           
Solar radio flux F10.7 (daily)                        109.4           
Solar radio flux F10.7 (81-day average)               116.9           

TEC [1.E16 m-2] is obtained by numerical integration in 1km steps
 from    65.0 to  2000.0 km. t is the percentage of TEC above the F peak.

-
   H   ELECTRON DENSITY   TEMPERATURES      ION PERCENTAGES[%]*10    1E16m-2
   km  Ne/cm-3 Ne/NmF2 Tn/K  Ti/K  Te/K  O+  N+  H+ He+ O2+ NO+ Clust TEC t/%
   80.0    378  0.001   216   216   216   0   0   0   0   2 998  -1  18.5  79
   81.0    398  0.001   216   216   216   0   0   0   0   3 997  -1  18.5  79
   82.0    421  0.001   217   217   217   0   0   0   0   3 997  -1  18.5  79
   83.0    464  0.001   217   217   217   0   0   0   0   4 996  -1  18.5  79
   84.0    561  0.001   216   216   216   0   0   0   0   4 996  -1  18.5  79
   85.0    782  0.001   216   216   216   0   0   0   0   6 994  -1  18.5  79
   86.0   1297  0.002   215   215   215   0   0   0   0  10 990  -1  18.5  79
   87.0   2160  0.004   215   215   215   0   0   0   0  17 983  -1  18.5  79
   88.0   3401  0.006   213   213   213   0   0   0   0  26 974  -1  18.5  79
   89.0   5086  0.010   212   212   212   0   0   0   0  39 961  -1  18.5  79
   90.0   7249  0.014   210   210   210   0   0   0   0  55 945  -1  18.5  79
   91.0   9886  0.019   207   207   207   0   0   0   0  74 926  -1  18.5  79
   92.0  12946  0.024   205   205   205   0   0   0   0  96 904  -1  18.5  79
   93.0  16337  0.031   202   202   202   0   0   0   0 125 875  -1  18.5  79
   94.0  19932  0.038   199   199   199   0   0   0   0 157 843  -1  18.5  79
   95.0  23588  0.044   197   197   197   0   0   0   0 189 811  -1  18.5  79
   96.0  27161  0.051   195   195   195   0   0   0   0 222 778  -1  18.5  79
   97.0  30521  0.058   193   193   193   0   0   0   0 254 746  -1  18.5  79
   98.0  33564  0.063   191   191   191   0   0   0   0 284 716  -1  18.5  79
   99.0  36219  0.068   190   190   190   0   0   0   0 311 689  -1  18.5  79
  100.0  38449  0.072   189   189   189   0   0   0   0 333 667  -1  18.5  79
  101.0  40252  0.076   190   190   190   0   0   0   0 346 654  -1  18.5  79
  102.0  41647  0.078   190   190   190   0   0   0   0 346 654  -1  18.5  79
  103.0  42678  0.080   192   192   192   0   0   0   0 344 656  -1  18.5  79
  104.0  43397  0.082   194   194   194   0   0   0   0 349 650  -1  18.5  79
  105.0  43866  0.083   197   197   197   0   0   0   0 358 641  -1  18.5  79
  106.0  44143  0.083   200   200   200   0   0   0   0 367 633  -1  18.5  79
  107.0  44287  0.083   205   205   205   0   0   0   0 373 627  -1  18.5  79
  108.0  44347  0.084   210   210   210   0   0   0   0 377 623  -1  18.5  79
  109.0  44363  0.084   216   216   216   0   0   0   0 379 621  -1  18.5  79
  110.0  44364  0.084   222   222   222   0   0   0   0 378 622  -1  18.5  79
  111.0  44246  0.083   230   230   230   0   0   0   0 375 624  -1  18.5  79
  112.0  43917  0.083   239   239   239   0   0   0   0 370 630  -1  18.5  79
  113.0  43423  0.082   249   249   249   0   0   0   0 362 638  -1  18.5  79
  114.0  42815  0.081   260   260   260   0   0   0   0 352 648  -1  18.5  79
  115.0  42148  0.079   273   273   273   0   0   0   0 341 659  -1  18.5  79
  116.0  41479  0.078   286   286   286   0   0   0   0 329 671  -1  18.5  79
  117.0  40861  0.077   301   301   301   0   0   0   0 317 683  -1  18.5  79
  118.0  40347  0.076   316   316   316   0   0   0   0 305 695  -1  18.5  79
  119.0  39980  0.075   333   333   333   1   0   0   0 294 705  -1  18.5  79
  120.0  39796  0.075   351   351   351   1   0   0   0 284 715  -1  18.5  79
  121.0  39821  0.075   368   368   368   1   0   0   0 276 723  -1  18.5  79
  122.0  40067  0.076   386   386   386   1   0   0   0 269 730  -1  18.5  79
  123.0  40528  0.076   403   403   403   1   0   0   0 264 734  -1  18.5  79
  124.0  41184  0.078   417   417   417   1   0   0   0 262 736  -1  18.5  79
  125.0  41991  0.079   432   432   432   2   0   0   0 260 737  -1  18.5  79
  126.0  42883  0.081   446   446   446   2   0   0   0 259 738  -1  18.5  79
  127.0  43767  0.082   459   459   459   2   0   0   0 259 737  -1  18.5  79
  128.0  64616  0.122   472   472   472   4   0   0   0 313 681  -1  18.5  79
  129.0  75952  0.143   485   485   485   5   0   0   0 333 659  -1  18.5  79
  130.0  84568  0.159   497   497   497   7   0   0   0 345 646  -1  18.5  79
  131.0  92108  0.174   508   508   508   8   0   0   0 355 635  -1  18.5  79
  132.0  99035  0.187   520   520   520  10   0   0   0 363 625  -1  18.5  79
  133.0 105556  0.199   531   531   531  11   0   0   0 370 615  -1  18.5  79
  134.0 111785  0.211   541   541   541  13   0   0   0 377 606  -1  18.5  79
  135.0 117791  0.222   552   552   552  16   0   0   0 383 597  -1  18.5  79
  136.0 123621  0.233   562   562   562  18   1   0   0 390 588  -1  18.5  79
  137.0 129307  0.244   571   571   574  20   1   0   0 395 579  -1  18.5  79
  138.0 134872  0.254   581   581   588  23   1   0   0 401 571  -1  18.5  79
  139.0 140336  0.265   590   590   601  26   1   0   0 406 563  -1  18.5  79
  140.0 145710  0.275   598   598   614  29   1   0   0 410 555  -1  18.5  79
  141.0 151006  0.285   607   607   627  32   1   0   0 414 547  -1  18.5  79
  142.0 156232  0.294   615   615   640  36   1   0   0 418 539  -1  18.5  79
  143.0 161396  0.304   623   623   653  40   1   0   0 421 532  -1  18.5  79
  144.0 166503  0.314   630   630   667  44   1   0   0 423 525  -1  18.5  79
  145.0 171557  0.323   638   638   680  48   1   0   0 424 519  -1  18.5  79
  146.0 176562  0.333   645   645   693  53   1   0   0 425 513  -1  18.5  79
  147.0 181522  0.342   652   652   706  59   2   0   0 425 507  -1  18.5  79
  148.0 186439  0.351   658   658   719  65   2   0   0 424 502  -1  18.5  79
  149.0 191316  0.361   665   665   732  71   2   0   0 422 497  -1  18.5  79
  150.0 196154  0.370   671   671   746  78   2   0   0 420 492  -1  18.5  79
  151.0 200956  0.379   677   677   759  85   2   0   0 416 487  -1  18.5  79
  152.0 205722  0.388   683   683   772  93   2   0   0 412 483  -1  18.5  79
  153.0 210453  0.397   688   688   785 101   2   0   0 408 479  -1  18.5  79
  154.0 215151  0.406   694   694   798 111   3   0   0 402 474  -1  18.5  79
  155.0 219816  0.414   699   699   811 120   3   0   0 396 470  -1  18.5  79
  156.0 224450  0.423   704   704   825 131   3   0   0 389 466  -1  18.5  79
  157.0 229052  0.432   709   709   838 142   3   0   0 382 461  -1  18.5  79
  158.0 233623  0.440   714   714   851 153   3   0   0 375 457  -1  18.5  79
  159.0 238164  0.449   719   719   864 166   4   0   0 367 452  -1  18.5  79
  160.0 242675  0.457   723   723   877 178   4   0   0 358 447  -1  18.5  79
  161.0 247155  0.466   727   727   890 192   4   0   0 349 442  -1  18.5  79
  162.0 251606  0.474   731   731   904 206   4   0   0 340 437  -1  18.5  79
  163.0 256028  0.483   735   735   917 221   5   0   0 330 431  -1  18.5  79
  164.0 260420  0.491   739   739   930 236   5   0   0 321 425  -1  18.5  79
  165.0 264784  0.499   743   743   943 251   5   0   0 311 419  -1  18.5  79
  166.0 269162  0.507   747   747   956 267   5   0   0 302 412  -1  18.5  79
  167.0 273568  0.516   750   750   969 284   5   0   0 292 405  -1  18.5  79
  168.0 278000  0.524   754   754   983 300   6   0   0 283 397  -1  18.5  79
  169.0 282457  0.532   757   757   996 317   6   0   0 273 389  -1  18.5  79
  170.0 286937  0.541   760   760  1009 334   6   0   0 264 381  -1  18.5  79
  171.0 291440  0.549   763   763  1022 352   6   0   0 255 372  -1  18.5  79
  172.0 295964  0.558   766   766  1035 369   6   0   0 246 363  -1  18.5  79
  173.0 300506  0.566   769   769  1048 387   6   0   0 237 354  -1  18.5  79
  174.0 305067  0.575   772   772  1062 405   7   0   0 229 345  -1  18.5  79
  175.0 309643  0.584   775   775  1075 423   7   0   0 220 335  -1  18.5  79
  176.0 314234  0.592   777   777  1088 440   7   0   0 212 326  -1  18.5  79
  177.0 318838  0.601   780   780  1101 458   7   0   0 204 316  -1  18.5  79
  178.0 323452  0.610   782   782  1114 475   7   0   0 196 306  -1  18.5  79
  179.0 328076  0.618   785   785  1127 493   7   0   0 188 297  -1  18.5  79
  180.0 332707  0.627   787   787  1141 510   7   0   0 181 287  -1  18.5  79
  181.0 337343  0.636   789   789  1154 527   7   0   0 173 278  -1  18.5  79
  182.0 341983  0.645   791   791  1167 543   7   0   0 166 268  -1  18.5  79
  183.0 346624  0.653   794   794  1180 559   7   0   0 160 259  -1  18.5  79
  184.0 351265  0.662   796   796  1193 575   8   0   0 153 250  -1  18.5  79
  185.0 355903  0.671   797   797  1206 591   8   0   0 147 240  -1  18.5  79
  186.0 360537  0.680   799   799  1219 606   8   0   0 140 231  -1  18.5  79
  187.0 365163  0.688   801   801  1232 621   8   0   0 134 223  -1  18.5  79
  188.0 369780  0.697   803   803  1246 636   8   0   0 128 214  -1  18.5  79
  189.0 374386  0.706   805   805  1259 650   8   0   0 123 206  -1  18.5  79
  190.0 378978  0.714   806   806  1272 664   8   0   0 117 198  -1  18.5  79
  191.0 383554  0.723   808   808  1285 677   8   0   0 112 190  -1  18.5  79
  192.0 388112  0.732   809   809  1298 690   8   0   0 107 182  -1  18.5  79
  193.0 392649  0.740   811   811  1311 703   8   0   0 102 175  -1  18.5  79
  194.0 397162  0.749   812   812  1323 715   8   0   0  98 167  -1  18.5  79
  195.0 401650  0.757   814   814  1336 726   8   0   0  93 160  -1  18.5  79
  196.0 406109  0.765   815   815  1349 738   7   0   0  89 154  -1  18.5  79
  197.0 410537  0.774   816   816  1362 749   7   0   0  85 147  -1  18.5  79
  198.0 414932  0.782   818   818  1374 759   7   0   0  81 141  -1  18.5  79
  199.0 419291  0.790   819   819  1387 769   7   0   0  77 135  -1  18.5  79
  200.0 423611  0.798   820   820  1399 779   7   0   0  74 129  -1  18.5  79
  201.0 427890  0.806   821  1411  1411 732   9   0   0  68 173  -1  18.5  79
  202.0 432124  0.814   822  1423  1423 740  10   0   0  65 168  -1  18.5  79
  203.0 436312  0.822   824  1435  1435 747  10   0   0  62 163  -1  18.5  79
  204.0 440450  0.830   825  1447  1447 755  10   0   0  59 159  -1  18.5  79
  205.0 444535  0.838   826  1458  1458 762  10   0   0  57 154  -1  18.5  79
  206.0 448565  0.845   827  1469  1469 770  10   0   0  54 149  -1  18.5  79
  207.0 452537  0.853   827  1480  1480 777  10   0   0  52 145  -1  18.5  79
  208.0 456448  0.860   828  1490  1490 784  10   0   0  50 140  -1  18.5  79
  209.0 460295  0.868   829  1500  1500 790  10   0   0  47 136  -1  18.5  79
  210.0 464075  0.875   830  1510  1510 797  10   0   0  45 131  -1  18.5  79
  211.0 467786  0.882   831  1519  1519 803  10   0   0  43 127  -1  18.5  79
  212.0 471424  0.889   832  1528  1528 810  10   0   0  41 123  -1  18.5  79
  213.0 474986  0.895   833  1537  1537 816  10   0   0  40 119  -1  18.5  79
  214.0 478470  0.902   833  1545  1545 822  10   0   0  38 115  -1  18.5  79
  215.0 481872  0.908   834  1553  1553 828  10   0   0  36 111  -1  18.5  79
  216.0 485189  0.914   835  1560  1560 834  10   0   0  35 107  -1  18.5  79
  217.0 488419  0.921   835  1568  1568 839  10   0   0  33 103  -1  18.5  79
  218.0 491559  0.926   836  1575  1575 844  10   0   0  32 100  -1  18.5  79
  219.0 494604  0.932   837  1582  1582 850  10   0   0  30  96  -1  18.5  79
  220.0 497553  0.938   837  1589  1589 855  10   0   0  29  93  -1  18.5  79
  221.0 500402  0.943   838  1596  1596 860  10   0   0  28  89  -1  18.5  79
  222.0 503148  0.948   838  1602  1602 864  10   0   0  26  86  -1  18.5  79
  223.0 505787  0.953   839  1609  1609 869  10   0   0  25  83  -1  18.5  79
  224.0 508317  0.958   840  1615  1615 873  10   0   0  24  80  -1  18.5  79
  225.0 510734  0.963   840  1621  1621 877  10   0   0  23  77  -1  18.5  79
  226.0 513035  0.967   841  1627  1627 881  10   0   0  22  75  -1  18.5  79
  227.0 515216  0.971   841  1634  1634 885  10   0   0  21  72  -1  18.5  79
  228.0 517274  0.975   842  1640  1640 888  10   0   0  20  70  -1  18.5  79
  229.0 519205  0.979   842  1646  1646 892  10   0   0  20  67  -1  18.5  79
  230.0 521005  0.982   843  1652  1652 895  10   0   0  19  65  -1  18.5  79
  231.0 522671  0.985   843  1658  1658 899  10   0   0  18  62  -1  18.5  79
  232.0 524197  0.988   843  1664  1664 902  10   0   0  17  60  -1  18.5  79
  233.0 525579  0.991   844  1670  1670 905  10   0   0  17  58  -1  18.5  79
  234.0 526812  0.993   844  1676  1676 908  10   0   0  16  56  -1  18.5  79
  235.0 527889  0.995   845  1682  1682 910  10   0   0  15  54  -1  18.5  79
  236.0 528804  0.997   845  1688  1688 913  10   0   0  15  53  -1  18.5  79
  237.0 529547  0.998   845  1694  1694 916  10   0   0  14  51  -1  18.5  79
  238.0 530105  0.999   846  1700  1700 918  10   0   0  14  49  -1  18.5  79
  239.0 530459  1.000   846  1706  1706 920  10   0   0  13  48  -1  18.5  79
  240.0 530561  1.000   846  1712  1712 923  10   0   0  13  46  -1  18.5  79
  241.0 530540  1.000   847  1718  1718 925  10   0   0  12  45  -1  18.5  79
  242.0 530490  1.000   847  1724  1724 927  10   0   0  12  43  -1  18.5  79
  243.0 530412  1.000   847  1729  1729 929  10   0   0  11  42  -1  18.5  79
  244.0 530305  1.000   847  1735  1735 931  10   0   0  11  40  -1  18.5  79
  245.0 530170  0.999   848  1741  1741 932  10   0   0  10  39  -1  18.5  79
  246.0 530007  0.999   848  1747  1747 934  10   0   0  10  38  -1  18.5  79
  247.0 529817  0.999   848  1753  1753 936  10   0   0  10  37  -1  18.5  79
  248.0 529598  0.998   848  1759  1759 938  10   0   0   9  36  -1  18.5  79
  249.0 529351  0.998   849  1765  1765 939  10   0   0   9  34  -1  18.5  79
  250.0 529076  0.997   849  1771  1771 941  10   0   0   9  33  -1  18.5  79
  251.0 528774  0.997   849  1777  1777 942  10   0   0   8  32  -1  18.5  79
  252.0 528443  0.996   849  1783  1783 944  10   0   0   8  31  -1  18.5  79
  253.0 528086  0.995   850  1789  1789 945  10   0   0   8  30  -1  18.5  79
  254.0 527701  0.995   850  1795  1795 947  11   0   0   7  29  -1  18.5  79
  255.0 527289  0.994   850  1801  1801 948  11   0   0   7  28  -1  18.5  79
  256.0 526851  0.993   850  1806  1806 949  11   0   0   7  27  -1  18.5  79
  257.0 526385  0.992   850  1812  1812 950  11   0   0   7  27  -1  18.5  79
  258.0 525893  0.991   851  1818  1818 951  11   0   0   6  26  -1  18.5  79
  259.0 525373  0.990   851  1824  1824 953  11   0   0   6  25  -1  18.5  79
  260.0 524828  0.989   851  1830  1830 954  11   0   0   6  24  -1  18.5  79
  261.0 524257  0.988   851  1836  1836 955  11   0   0   6  23  -1  18.5  79
  262.0 523659  0.987   851  1842  1842 956  11   0   0   6  23  -1  18.5  79
  263.0 523036  0.986   851  1848  1848 957  11   0   0   5  22  -1  18.5  79
  264.0 522387  0.985   852  1854  1854 958  11   0   0   5  21  -1  18.5  79
  265.0 521712  0.983   852  1860  1860 959  11   0   0   5  21  -1  18.5  79
  266.0 521012  0.982   852  1866  1866 959  11   0   0   5  20  -1  18.5  79
  267.0 520287  0.981   852  1872  1872 960  11   0   0   5  19  -1  18.5  79
  268.0 519537  0.979   852  1878  1878 961  11   0   0   4  19  -1  18.5  79
  269.0 518762  0.978   852  1883  1883 962  11   0   0   4  18  -1  18.5  79
  270.0 517964  0.976   852  1889  1889 963  12   0   0   4  18  -1  18.5  79
  271.0 517140  0.975   852  1895  1895 963  12   0   0   4  17  -1  18.5  79
  272.0 516293  0.973   853  1901  1901 964  12   0   0   4  17  -1  18.5  79
  273.0 515421  0.971   853  1907  1907 965  12   0   0   4  16  -1  18.5  79
  274.0 514527  0.970   853  1913  1913 965  12   0   0   4  16  -1  18.5  79
  275.0 513609  0.968   853  1919  1919 966  12   0   0   3  15  -1  18.5  79
  276.0 512668  0.966   853  1925  1925 967  12   0   0   3  15  -1  18.5  79
  277.0 511704  0.964   853  1931  1931 967  12   0   0   3  14  -1  18.5  79
  278.0 510718  0.963   853  1937  1937 968  12   0   0   3  14  -1  18.5  79
  279.0 509709  0.961   853  1943  1943 968  12   0   0   3  13  -1  18.5  79
  280.0 508677  0.959   853  1949  1949 969  12   0   0   3  13  -1  18.5  79
  281.0 507625  0.957   853  1954  1954 969  12   0   0   3  13  -1  18.5  79
  282.0 506550  0.955   854  1960  1960 970  12   0   0   3  12  -1  18.5  79
  283.0 505455  0.953   854  1966  1966 970  13   0   0   3  12  -1  18.5  79
  284.0 504338  0.951   854  1972  1972 971  13   0   0   3  12  -1  18.5  79
  285.0 503201  0.948   854  1978  1978 971  13   0   0   2  11  -1  18.5  79
  286.0 502043  0.946   854  1984  1984 971  13   0   0   2  11  -1  18.5  79
  287.0 500865  0.944   854  1990  1990 972  13   0   0   2  11  -1  18.5  79
  288.0 499667  0.942   854  1996  1996 972  13   0   0   2  10  -1  18.5  79
  289.0 498449  0.939   854  2002  2002 972  13   0   0   2  10  -1  18.5  79
  290.0 497212  0.937   854  2008  2008 973  13   0   0   2  10  -1  18.5  79
  291.0 495956  0.935   854  2014  2014 973  13   0   0   2   9  -1  18.5  79
  292.0 494681  0.932   854  2020  2020 973  13   0   0   2   9  -1  18.5  79
  293.0 493388  0.930   854  2026  2026 974  14   0   0   2   9  -1  18.5  79
  294.0 492075  0.927   854  2031  2031 974  14   0   0   2   9  -1  18.5  79
  295.0 490746  0.925   854  2037  2037 974  14   0   0   2   8  -1  18.5  79
  296.0 489399  0.922   854  2043  2043 974  14   0   0   2   8  -1  18.5  79
  297.0 488034  0.920   854  2049  2049 974  14   0   0   2   8  -1  18.5  79
  298.0 486652  0.917   855  2055  2055 974  14   0   0   2   8  -1  18.5  79
  299.0 485254  0.915   855  2061  2061 974  14   0   0   2   8  -1  18.5  79
  300.0 483840  0.912   855  2067  2067 980  19   1   0   0   0  -1  18.5  79
  301.0 482408  0.909   855  2073  2073 980  19   1   0   0   0  -1  18.5  79
  302.0 480961  0.907   855  2079  2079 980  19   1   0   0   0  -1  18.5  79
  303.0 479499  0.904   855  2085  2085 980  19   1   0   0   0  -1  18.5  79
  304.0 478021  0.901   855  2091  2091 980  19   1   0   0   0  -1  18.5  79
  305.0 476529  0.898   855  2097  2097 980  19   1   0   0   0  -1  18.5  79
  306.0 475022  0.895   855  2103  2103 980  19   1   0   0   0  -1  18.5  79
  307.0 473501  0.892   855  2108  2108 980  19   1   0   0   0  -1  18.5  79
  308.0 471965  0.890   855  2114  2114 980  19   1   0   0   0  -1  18.5  79
  309.0 470415  0.887   855  2120  2120 980  20   1   0   0   0  -1  18.5  79
  310.0 468853  0.884   855  2126  2126 979  20   1   0   0   0  -1  18.5  79
  311.0 467278  0.881   855  2132  2132 979  20   1   0   0   0  -1  18.5  79
  312.0 465689  0.878   855  2138  2138 979  20   1   0   0   0  -1  18.5  79
  313.0 464089  0.875   855  2144  2144 979  20   1   0   0   0  -1  18.5  79
  314.0 462476  0.872   855  2150  2150 979  20   1   0   0   0  -1  18.5  79
  315.0 460850  0.869   855  2156  2156 979  20   1   0   0   0  -1  18.5  79
  316.0 459214  0.866   855  2162  2162 979  20   1   0   0   0  -1  18.5  79
  317.0 457566  0.862   855  2168  2168 979  20   1   0   0   0  -1  18.5  79
  318.0 455908  0.859   855  2174  2174 979  20   1   0   0   0  -1  18.5  79
  319.0 454238  0.856   855  2179  2179 979  20   1   0   0   0  -1  18.5  79
  320.0 452559  0.853   855  2185  2185 979  20   1   0   0   0  -1  18.5  79
  321.0 450869  0.850   855  2191  2191 979  20   1   0   0   0  -1  18.5  79
  322.0 449169  0.847   855  2197  2197 979  20   1   0   0   0  -1  18.5  79
  323.0 447460  0.843   855  2203  2203 979  20   1   0   0   0  -1  18.5  79
  324.0 445742  0.840   855  2209  2209 979  20   1   0   0   0  -1  18.5  79
  325.0 444016  0.837   855  2215  2215 978  20   1   0   0   0  -1  18.5  79
  326.0 442280  0.834   855  2221  2221 978  20   1   0   0   0  -1  18.5  79
  327.0 440536  0.830   855  2227  2227 978  21   1   0   0   0  -1  18.5  79
  328.0 438785  0.827   855  2233  2233 978  21   1   0   0   0  -1  18.5  79
  329.0 437024  0.824   856  2238  2238 978  21   1   0   0   0  -1  18.5  79
  330.0 435258  0.820   856  2244  2244 978  21   1   0   0   0  -1  18.5  79
  331.0 433484  0.817   856  2250  2250 978  21   1   0   0   0  -1  18.5  79
  332.0 431704  0.814   856  2256  2256 978  21   1   0   0   0  -1  18.5  79
  333.0 429916  0.810   856  2262  2262 978  21   1   0   0   0  -1  18.5  79
  334.0 428123  0.807   856  2268  2268 978  21   1   1   0   0  -1  18.5  79
  335.0 426324  0.804   856  2273  2273 978  21   1   1   0   0  -1  18.5  79
  336.0 424518  0.800   856  2279  2279 978  21   1   1   0   0  -1  18.5  79
  337.0 422707  0.797   856  2285  2285 978  21   1   1   0   0  -1  18.5  79
  338.0 420891  0.793   856  2290  2290 978  21   1   1   0   0  -1  18.5  79
  339.0 419071  0.790   856  2296  2296 977  21   1   1   0   0  -1  18.5  79
  340.0 417245  0.786   856  2302  2302 977  21   1   1   0   0  -1  18.5  79
  341.0 415416  0.783   856  2307  2307 977  21   1   1   0   0  -1  18.5  79
  342.0 413582  0.780   856  2312  2312 977  21   1   1   0   0  -1  18.5  79
  343.0 411744  0.776   856  2318  2318 977  21   1   1   0   0  -1  18.5  79
  344.0 409903  0.773   856  2323  2323 977  21   1   1   0   0  -1  18.5  79
  345.0 408058  0.769   856  2328  2328 977  22   1   1   0   0  -1  18.5  79
  346.0 406211  0.766   856  2333  2333 977  22   1   1   0   0  -1  18.5  79
  347.0 404361  0.762   856  2337  2337 977  22   1   1   0   0  -1  18.5  79
  348.0 402508  0.759   856  2342  2342 977  22   1   1   0   0  -1  18.5  79
  349.0 400653  0.755   856  2346  2346 977  22   1   1   0   0  -1  18.5  79
  350.0 398795  0.752   856  2350  2350 977  22   1   1   0   0  -1  18.5  79
  351.0 396936  0.748   856  2354  2354 977  22   1   1   0   0  -1  18.5  79
  352.0 395076  0.745   856  2358  2358 977  22   1   1   0   0  -1  18.5  79
  353.0 393213  0.741   856  2362  2362 976  22   1   1   0   0  -1  18.5  79
  354.0 391350  0.738   856  2365  2365 976  22   1   1   0   0  -1  18.5  79
  355.0 389486  0.734   856  2369  2369 976  22   1   1   0   0  -1  18.5  79
  356.0 387622  0.731   856  2372  2372 976  22   1   1   0   0  -1  18.5  79
  357.0 385756  0.727   856  2375  2375 976  22   1   1   0   0  -1  18.5  79
  358.0 383891  0.724   856  2378  2378 976  22   1   1   0   0  -1  18.5  79
  359.0 382025  0.720   856  2381  2381 976  22   1   1   0   0  -1  18.5  79
  360.0 380160  0.717   856  2383  2383 976  22   1   1   0   0  -1  18.5  79
  361.0 378296  0.713   856  2386  2386 976  22   1   1   0   0  -1  18.5  79
  362.0 376432  0.709   856  2389  2389 976  23   1   1   0   0  -1  18.5  79
  363.0 374568  0.706   856  2391  2391 976  23   1   1   0   0  -1  18.5  79
  364.0 372706  0.702   856  2394  2394 976  23   1   1   0   0  -1  18.5  79
  365.0 370845  0.699   856  2396  2396 976  23   1   1   0   0  -1  18.5  79
  366.0 368985  0.695   856  2398  2398 975  23   1   1   0   0  -1  18.5  79
  367.0 367127  0.692   856  2401  2401 975  23   1   1   0   0  -1  18.5  79
  368.0 365271  0.688   856  2403  2403 975  23   1   1   0   0  -1  18.5  79
  369.0 363417  0.685   856  2406  2406 975  23   1   1   0   0  -1  18.5  79
  370.0 361565  0.681   856  2408  2408 975  23   1   1   0   0  -1  18.5  79
  371.0 359715  0.678   856  2410  2410 975  23   1   1   0   0  -1  18.5  79
  372.0 357868  0.675   856  2412  2412 975  23   1   1   0   0  -1  18.5  79
  373.0 356024  0.671   856  2415  2415 975  23   1   1   0   0  -1  18.5  79
  374.0 354182  0.668   856  2417  2417 975  23   1   1   0   0  -1  18.5  79
  375.0 352344  0.664   856  2419  2419 975  23   1   1   0   0  -1  18.5  79
  376.0 350509  0.661   856  2422  2422 975  23   1   1   0   0  -1  18.5  79
  377.0 348677  0.657   856  2424  2424 975  23   1   1   0   0  -1  18.5  79
  378.0 346848  0.654   856  2426  2426 974  24   1   1   0   0  -1  18.5  79
  379.0 345024  0.650   856  2428  2428 974  24   1   1   0   0  -1  18.5  79
  380.0 343203  0.647   856  2431  2431 974  24   1   1   0   0  -1  18.5  79
  381.0 341387  0.643   856  2433  2433 974  24   1   1   0   0  -1  18.5  79
  382.0 339574  0.640   856  2435  2435 974  24   1   1   0   0  -1  18.5  79
  383.0 337765  0.637   856  2437  2437 974  24   1   1   0   0  -1  18.5  79
  384.0 335962  0.633   856  2440  2440 974  24   1   1   0   0  -1  18.5  79
  385.0 334162  0.630   856  2442  2442 974  24   1   1   0   0  -1  18.5  79
  386.0 332368  0.626   856  2444  2444 974  24   1   1   0   0  -1  18.5  79
  387.0 330578  0.623   856  2447  2447 974  24   1   1   0   0  -1  18.5  79
  388.0 328793  0.620   856  2449  2449 974  24   1   1   0   0  -1  18.5  79
  389.0 327013  0.616   856  2451  2451 974  24   1   1   0   0  -1  18.5  79
  390.0 325238  0.613   856  2453  2453 973  24   1   1   0   0  -1  18.5  79
  391.0 323470  0.610   856  2456  2456 973  24   1   1   0   0  -1  18.5  79
  392.0 321705  0.606   856  2458  2458 973  24   1   1   0   0  -1  18.5  79
  393.0 319948  0.603   856  2460  2460 973  24   1   1   0   0  -1  18.5  79
  394.0 318195  0.600   856  2462  2462 973  25   2   1   0   0  -1  18.5  79
  395.0 316448  0.596   856  2465  2465 973  25   2   1   0   0  -1  18.5  79
  396.0 314707  0.593   856  2467  2467 973  25   2   1   0   0  -1  18.5  79
  397.0 312972  0.590   856  2469  2469 973  25   2   1   0   0  -1  18.5  79
  398.0 311244  0.587   856  2471  2471 973  25   2   1   0   0  -1  18.5  79
  399.0 309521  0.583   856  2474  2474 973  25   2   1   0   0  -1  18.5  79
  400.0 307805  0.580   856  2476  2476 973  25   2   1   0   0  -1  18.5  79
  401.0 306095  0.577   856  2478  2478 972  25   2   1   0   0  -1  18.5  79
  402.0 304391  0.574   856  2480  2480 972  25   2   1   0   0  -1  18.5  79
  403.0 302695  0.571   856  2483  2483 972  25   2   1   0   0  -1  18.5  79
  404.0 301004  0.567   856  2485  2485 972  25   2   1   0   0  -1  18.5  79
  405.0 299321  0.564   856  2487  2487 972  25   2   1   0   0  -1  18.5  79
  406.0 297643  0.561   856  2489  2489 972  25   2   1   0   0  -1  18.5  79
  407.0 295974  0.558   856  2492  2492 972  25   2   1   0   0  -1  18.5  79
  408.0 294311  0.555   856  2494  2494 972  25   2   1   0   0  -1  18.5  79
  409.0 292655  0.552   856  2496  2496 972  26   2   1   0   0  -1  18.5  79
  410.0 291006  0.548   856  2498  2498 972  26   2   1   0   0  -1  18.5  79
  411.0 289364  0.545   856  2501  2501 971  26   2   1   0   0  -1  18.5  79
  412.0 287730  0.542   856  2503  2503 971  26   2   1   0   0  -1  18.5  79
  413.0 286102  0.539   856  2505  2505 971  26   2   1   0   0  -1  18.5  79
  414.0 284483  0.536   856  2507  2507 971  26   2   1   0   0  -1  18.5  79
  415.0 282870  0.533   856  2510  2510 971  26   2   1   0   0  -1  18.5  79
  416.0 281265  0.530   856  2512  2512 971  26   2   1   0   0  -1  18.5  79
  417.0 279668  0.527   856  2514  2514 971  26   2   1   0   0  -1  18.5  79
  418.0 278078  0.524   856  2516  2516 971  26   2   1   0   0  -1  18.5  79
  419.0 276496  0.521   856  2519  2519 971  26   2   1   0   0  -1  18.5  79
  420.0 274920  0.518   856  2521  2521 971  26   2   1   0   0  -1  18.5  79
  421.0 273354  0.515   856  2523  2523 970  26   2   1   0   0  -1  18.5  79
  422.0 271795  0.512   856  2525  2525 970  26   2   1   0   0  -1  18.5  79
  423.0 270243  0.509   856  2528  2528 970  27   2   1   0   0  -1  18.5  79
  424.0 268699  0.506   856  2530  2530 970  27   2   1   0   0  -1  18.5  79
  425.0 267164  0.504   856  2532  2532 970  27   2   1   0   0  -1  18.5  79
  426.0 265636  0.501   856  2535  2535 970  27   2   1   0   0  -1  18.5  79
  427.0 264116  0.498   856  2537  2537 970  27   2   1   0   0  -1  18.5  79
  428.0 262604  0.495   856  2539  2539 970  27   2   1   0   0  -1  18.5  79
  429.0 261099  0.492   856  2541  2541 970  27   2   1   0   0  -1  18.5  79
  430.0 259604  0.489   856  2544  2544 970  27   2   1   0   0  -1  18.5  79
  431.0 258116  0.486   856  2546  2546 969  27   2   1   0   0  -1  18.5  79
  432.0 256636  0.484   856  2548  2548 969  27   2   1   0   0  -1  18.5  79
  433.0 255164  0.481   856  2550  2550 969  27   2   1   0   0  -1  18.5  79
  434.0 253700  0.478   856  2553  2553 969  27   2   1   0   0  -1  18.5  79
  435.0 252244  0.475   856  2555  2555 969  27   2   1   0   0  -1  18.5  79
  436.0 250797  0.473   856  2557  2557 969  27   2   1   0   0  -1  18.5  79
  437.0 249357  0.470   856  2559  2559 969  28   2   1   0   0  -1  18.5  79
  438.0 247926  0.467   856  2562  2562 969  28   2   1   0   0  -1  18.5  79
  439.0 246503  0.465   856  2564  2564 969  28   3   1   0   0  -1  18.5  79
  440.0 245089  0.462   856  2566  2566 968  28   3   1   0   0  -1  18.5  79
  441.0 243681  0.459   856  2568  2568 968  28   3   1   0   0  -1  18.5  79
  442.0 242283  0.457   856  2571  2571 968  28   3   1   0   0  -1  18.5  79
  443.0 240893  0.454   856  2573  2573 968  28   3   1   0   0  -1  18.5  79
  444.0 239511  0.451   856  2575  2575 968  28   3   1   0   0  -1  18.5  79
  445.0 238137  0.449   856  2577  2577 968  28   3   1   0   0  -1  18.5  79
  446.0 236771  0.446   856  2580  2580 968  28   3   1   0   0  -1  18.5  79
  447.0 235414  0.444   856  2582  2582 968  28   3   1   0   0  -1  18.5  79
  448.0 234064  0.441   856  2584  2584 967  28   3   1   0   0  -1  18.5  79
  449.0 232724  0.439   856  2586  2586 967  28   3   1   0   0  -1  18.5  79
  450.0 231390  0.436   856  2589  2589 967  29   3   1   0   0  -1  18.5  79
  451.0 230066  0.434   856  2591  2591 967  29   3   1   0   0  -1  18.5  79
  452.0 228749  0.431   856  2593  2593 967  29   3   1   0   0  -1  18.5  79
  453.0 227441  0.429   856  2595  2595 967  29   3   1   0   0  -1  18.5  79
  454.0 226141  0.426   856  2598  2598 967  29   3   1   0   0  -1  18.5  79
  455.0 224849  0.424   856  2600  2600 967  29   3   2   0   0  -1  18.5  79
  456.0 223566  0.421   856  2602  2602 966  29   3   2   0   0  -1  18.5  79
  457.0 222290  0.419   856  2604  2604 966  29   3   2   0   0  -1  18.5  79
  458.0 221023  0.417   856  2607  2607 966  29   3   2   0   0  -1  18.5  79
  459.0 219763  0.414   856  2609  2609 966  29   3   2   0   0  -1  18.5  79
  460.0 218512  0.412   856  2611  2611 966  29   3   2   0   0  -1  18.5  79
  461.0 217269  0.410   856  2613  2613 966  29   3   2   0   0  -1  18.5  79
  462.0 216034  0.407   856  2616  2616 966  29   3   2   0   0  -1  18.5  79
  463.0 214807  0.405   856  2618  2618 966  29   3   2   0   0  -1  18.5  79
  464.0 213588  0.403   856  2620  2620 965  30   3   2   0   0  -1  18.5  79
  465.0 212377  0.400   856  2622  2622 965  30   3   2   0   0  -1  18.5  79
  466.0 211175  0.398   856  2625  2625 965  30   3   2   0   0  -1  18.5  79
  467.0 209979  0.396   856  2627  2627 965  30   3   2   0   0  -1  18.5  79
  468.0 208793  0.394   856  2629  2629 965  30   3   2   0   0  -1  18.5  79
  469.0 207613  0.391   856  2632  2632 965  30   4   2   0   0  -1  18.5  79
  470.0 206443  0.389   856  2634  2634 965  30   4   2   0   0  -1  18.5  79
  471.0 205279  0.387   856  2636  2636 965  30   4   2   0   0  -1  18.5  79
  472.0 204124  0.385   856  2638  2638 964  30   4   2   0   0  -1  18.5  79
  473.0 202977  0.383   856  2641  2641 964  30   4   2   0   0  -1  18.5  79
  474.0 201838  0.380   856  2643  2643 964  30   4   2   0   0  -1  18.5  79
  475.0 200706  0.378   856  2645  2645 964  30   4   2   0   0  -1  18.5  79
  476.0 199581  0.376   856  2647  2647 964  31   4   2   0   0  -1  18.5  79
  477.0 198465  0.374   856  2650  2650 964  31   4   2   0   0  -1  18.5  79
  478.0 197356  0.372   856  2652  2652 964  31   4   2   0   0  -1  18.5  79
  479.0 196255  0.370   856  2654  2654 963  31   4   2   0   0  -1  18.5  79
  480.0 195161  0.368   856  2656  2656 963  31   4   2   0   0  -1  18.5  79
  481.0 194076  0.366   856  2659  2659 963  31   4   2   0   0  -1  18.5  79
  482.0 192998  0.364   856  2661  2661 963  31   4   2   0   0  -1  18.5  79
  483.0 191927  0.362   856  2663  2663 963  31   4   2   0   0  -1  18.5  79
  484.0 190864  0.360   856  2665  2665 963  31   4   2   0   0  -1  18.5  79
  485.0 189809  0.358   856  2668  2668 963  31   4   2   0   0  -1  18.5  79
  486.0 188761  0.356   856  2670  2670 962  31   4   2   0   0  -1  18.5  79
  487.0 187720  0.354   856  2672  2672 962  31   4   2   0   0  -1  18.5  79
  488.0 186688  0.352   856  2674  2674 962  31   4   2   0   0  -1  18.5  79
  489.0 185662  0.350   856  2677  2677 962  32   4   2   0   0  -1  18.5  79
  490.0 184643  0.348   856  2679  2679 962  32   4   2   0   0  -1  18.5  79
  491.0 183632  0.346   856  2681  2681 962  32   5   2   0   0  -1  18.5  79
  492.0 182628  0.344   856  2683  2683 962  32   5   2   0   0  -1  18.5  79
  493.0 181632  0.342   856  2686  2686 961  32   5   2   0   0  -1  18.5  79
  494.0 180642  0.340   856  2688  2688 961  32   5   2   0   0  -1  18.5  79
  495.0 179659  0.339   856  2690  2690 961  32   5   2   0   0  -1  18.5  79
  496.0 178684  0.337   856  2692  2692 961  32   5   2   0   0  -1  18.5  79
  497.0 177716  0.335   856  2695  2695 961  32   5   2   0   0  -1  18.5  79
  498.0 176755  0.333   856  2697  2697 961  32   5   2   0   0  -1  18.5  79
  499.0 175801  0.331   856  2699  2699 960  32   5   2   0   0  -1  18.5  79
  500.0 174853  0.330   856  2701  2701 960  32   5   2   0   0  -1  18.5  79
