


yyyy/mmdd(or -ddd)/hh.h):2012/ -42/10.0UT  geog Lat/Long/Alt= 42.0/ 288.0/ 300.0

IRIcor2 is used for topside Ne profile
OTSB2012 plasmasphere model w/o  plasmapause
URSI maps are used for the F2 peak density (NmF2)
foF2 STORM model is turned on 
Shubin2015 model is used for F2 peak height (hmF2)
ABT-2009 option is used for the bottomside thickness parameter B0
Scotto-97 no L   option is used for the F1 occurrence probability
foE auroral storm model is turned off
IRI-1990   option is used for D-region
TBT-2012 with solar dependence is used for the electron temperature
TBKS2021 option is used for the ion temperature
RBV10+TBT15 option is used for ion composition
CGM coordinate computation is turned off

Peak Densities/cm-3: NmF2= 152591.8   NmF1=      0.0   NmE=   2750.3
Peak Heights/km:     hmF2=   300.39   hmF1=     0.00   hmE=   110.00

Solar Zenith Angle/degree                             110.8
Dip (Magnetic Inclination)/degree                      67.56
Modip (Modified Dip)/degree                            53.83
Solar Sunspot Number (12-months running mean) Rz12     66.8           
Ionospheric-Effective Solar Index IG12                 77.9           
Solar radio flux F10.7 (daily)                        109.4           
Solar radio flux F10.7 (81-day average)               116.9           

TEC [1.E16 m-2] is obtained by numerical integration in 1km steps
 from    65.0 to  2000.0 km. t is the percentage of TEC above the F peak.

-
   H   ELECTRON DENSITY   TEMPERATURES      ION PERCENTAGES[%]*10    1E16m-2
   km  Ne/cm-3 Ne/NmF2 Tn/K  Ti/K  Te/K  O+  N+  H+ He+ O2+ NO+ Clust TEC t/%
   80.0    155  0.001   210   210   210   0   0   0   0   1 999  -1   4.8  79
   81.0    214  0.001   209   209   209   0   0   0   0   1 999  -1   4.8  79
   82.0    269  0.002   207   207   207   0   0   0   0   2 998  -1   4.8  79
   83.0    317  0.002   205   205   205   0   0   0   0   3 997  -1   4.8  79
   84.0    353  0.002   203   203   203   0   0   0   0   3 997  -1   4.8  79
   85.0    379  0.002   201   201   201   0   0   0   0   3 997  -1   4.8  79
   86.0    400  0.003   199   199   199   0   0   0   0   3 997  -1   4.8  79
   87.0    423  0.003   197   197   197   0   0   0   0   4 996  -1   4.8  79
   88.0    471  0.003   194   194   194   0   0   0   0   4 996  -1   4.8  79
   89.0    579  0.004   192   192   192   0   0   0   0   5 995  -1   4.8  79
   90.0    831  0.005   190   190   190   0   0   0   0   7 993  -1   4.8  79
   91.0   1211  0.008   187   187   187   0   0   0   0  11 989  -1   4.8  79
   92.0   1470  0.010   185   185   185   0   0   0   0  13 987  -1   4.8  79
   93.0   1718  0.011   183   183   183   0   0   0   0  16 984  -1   4.8  79
   94.0   1943  0.013   181   181   181   0   0   0   0  19 981  -1   4.8  79
   95.0   2138  0.014   179   179   179   0   0   0   0  22 978  -1   4.8  79
   96.0   2301  0.015   178   178   178   0   0   0   0  25 975  -1   4.8  79
   97.0   2432  0.016   177   177   177   0   0   0   0  28 972  -1   4.8  79
   98.0   2533  0.017   177   177   177   0   0   0   0  31 969  -1   4.8  79
   99.0   2607  0.017   177   177   177   0   0   0   0  33 967  -1   4.8  79
  100.0   2661  0.017   178   178   178   0   0   0   0  36 964  -1   4.8  79
  101.0   2697  0.018   180   180   180   0   0   0   0  38 962  -1   4.8  79
  102.0   2721  0.018   182   182   182   0   0   0   0  39 961  -1   4.8  79
  103.0   2735  0.018   185   185   185   0   0   0   0  41 959  -1   4.8  79
  104.0   2743  0.018   189   189   189   0   0   0   0  42 958  -1   4.8  79
  105.0   2747  0.018   193   193   193   0   0   0   0  44 956  -1   4.8  79
  106.0   2749  0.018   199   199   199   0   0   0   0  45 955  -1   4.8  79
  107.0   2750  0.018   205   205   205   0   0   0   0  46 954  -1   4.8  79
  108.0   2750  0.018   212   212   212   0   0   0   0  47 953  -1   4.8  79
  109.0   2750  0.018   220   220   220   0   0   0   0  48 952  -1   4.8  79
  110.0   2750  0.018   229   229   229   0   0   0   0  48 952  -1   4.8  79
  111.0   2728  0.018   239   239   239   0   0   0   0  49 951  -1   4.8  79
  112.0   2667  0.017   249   249   249   0   0   0   0  48 952  -1   4.8  79
  113.0   2577  0.017   261   261   261   0   0   0   0  47 953  -1   4.8  79
  114.0   2466  0.016   274   274   274   0   0   0   0  45 955  -1   4.8  79
  115.0   2343  0.015   288   288   288   0   0   0   0  43 957  -1   4.8  79
  116.0   2215  0.015   303   303   303   0   0   0   0  41 959  -1   4.8  79
  117.0   2086  0.014   319   319   319   0   0   0   0  38 962  -1   4.8  79
  118.0   1961  0.013   336   336   336   0   0   0   0  36 964  -1   4.8  79
  119.0   1843  0.012   354   354   354   0   0   0   0  34 966  -1   4.8  79
  120.0   1733  0.011   371   371   371   0   0   0   0  32 968  -1   4.8  79
  121.0   1633  0.011   388   388   388   0   0   0   0  30 970  -1   4.8  79
  122.0   1543  0.010   404   404   404   0   0   0   0  28 972  -1   4.8  79
  123.0   1463  0.010   418   418   418   0   0   0   0  27 973  -1   4.8  79
  124.0   1394  0.009   429   429   429   0   0   0   0  26 974  -1   4.8  79
  125.0   1334  0.009   440   440   440   0   0   0   0  25 974  -1   4.8  79
  126.0   1284  0.008   451   451   451   0   0   0   0  25 975  -1   4.8  79
  127.0   1243  0.008   461   461   461   0   0   0   0  25 975  -1   4.8  79
  128.0   1210  0.008   471   471   471   0   0   0   0  24 975  -1   4.8  79
  129.0   1184  0.008   480   480   483   0   0   0   0  24 975  -1   4.8  79
  130.0   1167  0.008   490   490   495   0   0   0   0  24 975  -1   4.8  79
  131.0   1156  0.008   499   499   507   0   0   0   0  24 975  -1   4.8  79
  132.0   1152  0.008   507   507   520   0   0   0   0  25 975  -1   4.8  79
  133.0   1154  0.008   516   516   532   0   0   0   0  25 974  -1   4.8  79
  134.0   1162  0.008   524   524   545   0   0   0   0  26 974  -1   4.8  79
  135.0   1176  0.008   532   532   557   1   0   0   0  26 973  -1   4.8  79
  136.0   1196  0.008   540   540   569   1   0   0   0  27 972  -1   4.8  79
  137.0   1221  0.008   547   547   582   1   0   0   0  28 971  -1   4.8  79
  138.0   1251  0.008   554   554   594   1   0   0   0  29 970  -1   4.8  79
  139.0   1286  0.008   561   561   607   1   0   0   0  31 968  -1   4.8  79
  140.0   1326  0.009   568   568   619   1   0   0   0  32 967  -1   4.8  79
  141.0   1371  0.009   575   575   631   1   0   0   0  34 965  -1   4.8  79
  142.0   1420  0.009   581   581   644   1   0   0   0  35 963  -1   4.8  79
  143.0   1472  0.010   587   587   656   1   0   0   0  37 961  -1   4.8  79
  144.0   1528  0.010   593   593   669   1   0   0   0  39 959  -1   4.8  79
  145.0   1588  0.010   599   599   681   2   0   0   0  41 957  -1   4.8  79
  146.0   1650  0.011   604   604   693   2   0   0   0  44 954  -1   4.8  79
  147.0   1715  0.011   610   610   706   2   0   0   0  46 952  -1   4.8  79
  148.0   1782  0.012   615   615   718   2   0   0   0  48 949  -1   4.8  79
  149.0   1850  0.012   620   620   730   3   0   0   0  51 946  -1   4.8  79
  150.0   1920  0.013   625   625   743   3   0   0   0  54 944  -1   4.8  79
  151.0   1992  0.013   630   630   755   3   0   0   0  56 941  -1   4.8  79
  152.0   2065  0.014   635   635   767   3   0   0   0  59 937  -1   4.8  79
  153.0   2140  0.014   639   639   780   4   0   0   0  62 934  -1   4.8  79
  154.0   2217  0.015   644   644   792   4   0   0   0  65 931  -1   4.8  79
  155.0   2297  0.015   648   648   804   5   0   0   0  68 927  -1   4.8  79
  156.0   2382  0.016   652   652   816   5   0   0   0  72 923  -1   4.8  79
  157.0   2472  0.016   656   656   829   5   0   0   0  75 919  -1   4.8  79
  158.0   2570  0.017   660   660   841   6   0   0   0  79 915  -1   4.8  79
  159.0   2679  0.018   664   664   853   7   0   0   0  83 910  -1   4.8  79
  160.0   2821  0.018   667   667   865   7   0   0   0  88 905  -1   4.8  79
  161.0   3001  0.020   671   671   876   8   0   0   0  94 898  -1   4.8  79
  162.0   3190  0.021   674   674   888   9   0   0   0 101 890  -1   4.8  79
  163.0   3390  0.022   677   677   900  10   0   0   0 107 882  -1   4.8  79
  164.0   3601  0.024   681   681   911  11   0   0   0 114 874  -1   4.8  79
  165.0   3823  0.025   684   684   922  13   0   0   0 121 866  -1   4.8  79
  166.0   4057  0.027   687   687   933  14   0   0   0 129 857  -1   4.8  79
  167.0   4303  0.028   690   690   944  16   0   0   0 137 847  -1   4.8  79
  168.0   4561  0.030   693   693   955  18   0   0   0 144 838  -1   4.8  79
  169.0   4833  0.032   695   695   965  20   0   0   0 153 827  -1   4.8  79
  170.0   5119  0.034   698   698   975  22   0   0   0 161 817  -1   4.8  79
  171.0   5419  0.036   701   701   984  24   0   0   0 170 806  -1   4.8  79
  172.0   5734  0.038   703   703   993  27   0   0   0 178 795  -1   4.8  79
  173.0   6064  0.040   705   705  1002  30   0   0   0 187 783  -1   4.8  79
  174.0   6411  0.042   708   708  1010  33   0   0   0 196 771  -1   4.8  79
  175.0   6774  0.044   710   710  1018  36   0   0   0 205 758  -1   4.8  79
  176.0   7154  0.047   712   712  1025  40   0   0   0 214 746  -1   4.8  79
  177.0   7551  0.049   714   714  1032  44   0   0   0 223 733  -1   4.8  79
  178.0   7967  0.052   717   717  1038  49   0   0   0 231 719  -1   4.8  79
  179.0   8402  0.055   719   719  1044  54   0   0   0 240 706  -1   4.8  79
  180.0   8857  0.058   721   721  1049  59   0   0   0 248 692  -1   4.8  79
  181.0   9331  0.061   722   722  1055  65   0   0   0 257 678  -1   4.8  79
  182.0   9826  0.064   724   724  1060  71   0   0   0 264 664  -1   4.8  79
  183.0  10343  0.068   726   726  1064  78   0   0   0 272 649  -1   4.8  79
  184.0  10881  0.071   728   728  1069  86   0   0   0 279 635  -1   4.8  79
  185.0  11442  0.075   729   729  1073  94   0   0   0 286 620  -1   4.8  79
  186.0  12026  0.079   731   731  1077 102   0   0   0 292 605  -1   4.8  79
  187.0  12634  0.083   733   733  1081 112   0   0   0 297 591  -1   4.8  79
  188.0  13266  0.087   734   734  1085 122   0   0   0 302 576  -1   4.8  79
  189.0  13923  0.091   736   736  1089 132   0   0   0 306 561  -1   4.8  79
  190.0  14605  0.096   737   737  1092 144   0   0   0 309 546  -1   4.8  79
  191.0  15314  0.100   738   738  1096 156   0   0   0 312 531  -1   4.8  79
  192.0  16049  0.105   740   740  1099 169   0   0   0 314 516  -1   4.8  79
  193.0  16811  0.110   741   741  1103 182   0   0   0 315 501  -1   4.8  79
  194.0  17601  0.115   742   742  1106 197   0   0   0 316 487  -1   4.8  79
  195.0  18419  0.121   744   744  1109 212   0   0   0 315 472  -1   4.8  79
  196.0  19266  0.126   745   745  1113 227   0   0   0 314 457  -1   4.8  79
  197.0  20142  0.132   746   746  1116 244   0   0   0 312 442  -1   4.8  79
  198.0  21047  0.138   747   747  1119 261   0   0   0 310 428  -1   4.8  79
  199.0  21982  0.144   748   748  1123 279   0   0   0 306 413  -1   4.8  79
  200.0  22948  0.150   749   749  1126 297   0   0   0 302 399  -1   4.8  79
  201.0  23945  0.157   750  1129  1129 323   0   0   0 266 410  -1   4.8  79
  202.0  24973  0.164   751  1132  1132 342   0   0   0 260 396  -1   4.8  79
  203.0  26032  0.171   752  1136  1136 362   0   0   0 254 382  -1   4.8  79
  204.0  27123  0.178   753  1139  1139 381   0   0   0 248 369  -1   4.8  79
  205.0  28245  0.185   754  1142  1142 401   0   0   0 241 356  -1   4.8  79
  206.0  29400  0.193   755  1145  1145 422   0   0   0 233 343  -1   4.8  79
  207.0  30587  0.200   756  1149  1149 442   0   0   0 226 330  -1   4.8  79
  208.0  31807  0.208   757  1152  1152 462   0   0   0 218 317  -1   4.8  79
  209.0  33059  0.217   757  1155  1155 483   0   0   0 210 305  -1   4.8  79
  210.0  34343  0.225   758  1158  1158 503   0   0   0 202 292  -1   4.8  79
  211.0  35660  0.234   759  1162  1162 523   0   0   0 194 280  -1   4.8  79
  212.0  37009  0.243   760  1165  1165 543   0   0   0 186 268  -1   4.8  79
  213.0  38391  0.252   760  1168  1168 563   0   0   0 178 256  -1   4.8  79
  214.0  39804  0.261   761  1171  1171 582   0   0   0 170 245  -1   4.8  79
  215.0  41249  0.270   762  1174  1174 601   0   0   0 163 234  -1   4.8  79
  216.0  42726  0.280   762  1178  1178 620   0   0   0 155 223  -1   4.8  79
  217.0  44234  0.290   763  1181  1181 638   0   0   0 147 213  -1   4.8  79
  218.0  45772  0.300   763  1184  1184 655   0   0   0 140 202  -1   4.8  79
  219.0  47341  0.310   764  1187  1187 672   0   0   0 133 193  -1   4.8  79
  220.0  48940  0.321   765  1191  1191 689   0   0   0 126 183  -1   4.8  79
  221.0  50567  0.331   765  1194  1194 705   0   0   0 119 174  -1   4.8  79
  222.0  52223  0.342   766  1197  1197 720   0   0   0 112 165  -1   4.8  79
  223.0  53907  0.353   766  1200  1200 734   0   0   0 106 157  -1   4.8  79
  224.0  55618  0.364   767  1203  1203 748   0   0   0 100 149  -1   4.8  79
  225.0  57355  0.376   767  1207  1207 762   0   0   0  95 141  -1   4.8  79
  226.0  59117  0.387   768  1210  1210 775   0   0   0  89 134  -1   4.8  79
  227.0  60903  0.399   768  1213  1213 787   0   0   0  84 127  -1   4.8  79
  228.0  62712  0.411   769  1216  1216 799   0   0   0  79 120  -1   4.8  79
  229.0  64543  0.423   769  1219  1219 810   0   0   0  74 114  -1   4.8  79
  230.0  66394  0.435   769  1223  1223 820   0   0   0  70 108  -1   4.8  79
  231.0  68266  0.447   770  1226  1226 830   0   0   0  65 102  -1   4.8  79
  232.0  70155  0.460   770  1229  1229 840   0   0   0  61  97  -1   4.8  79
  233.0  72062  0.472   771  1232  1232 849   0   0   0  58  91  -1   4.8  79
  234.0  73983  0.485   771  1236  1236 857   0   0   0  54  87  -1   4.8  79
  235.0  75919  0.498   771  1239  1239 865   0   0   0  51  82  -1   4.8  79
  236.0  77867  0.510   772  1242  1242 873   0   0   0  48  78  -1   4.8  79
  237.0  79825  0.523   772  1245  1245 880   0   0   0  45  73  -1   4.8  79
  238.0  81788  0.536   772  1248  1248 886   0   0   0  42  69  -1   4.8  79
  239.0  83752  0.549   773  1252  1252 893   0   0   0  39  66  -1   4.8  79
  240.0  85717  0.562   773  1255  1255 899   0   0   0  37  62  -1   4.8  79
  241.0  87680  0.575   773  1258  1258 904   0   0   0  35  59  -1   4.8  79
  242.0  89639  0.587   774  1261  1261 910   0   0   0  32  56  -1   4.8  79
  243.0  91593  0.600   774  1264  1264 915   0   0   0  30  53  -1   4.8  79
  244.0  93540  0.613   774  1268  1268 919   0   0   0  29  50  -1   4.8  79
  245.0  95478  0.626   774  1271  1271 924   0   0   0  27  48  -1   4.8  79
  246.0  97406  0.638   775  1274  1274 928   0   0   0  25  45  -1   4.8  79
  247.0  99320  0.651   775  1277  1277 932   0   0   0  24  43  -1   4.8  79
  248.0 101221  0.663   775  1281  1281 935   0   0   0  22  41  -1   4.8  79
  249.0 103105  0.676   775  1284  1284 939   0   0   0  21  39  -1   4.8  79
  250.0 104972  0.688   776  1287  1287 942   0   0   0  20  37  -1   4.8  79
  251.0 106819  0.700   776  1290  1290 945   0   0   0  18  35  -1   4.8  79
  252.0 108645  0.712   776  1293  1293 948   0   0   0  17  33  -1   4.8  79
  253.0 110448  0.724   776  1297  1297 950   0   0   0  16  32  -1   4.8  79
  254.0 112226  0.735   777  1300  1300 953   0   0   0  15  30  -1   4.8  79
  255.0 113978  0.747   777  1303  1303 955   0   0   0  14  29  -1   4.8  79
  256.0 115703  0.758   777  1306  1306 958   0   0   0  14  27  -1   4.8  79
  257.0 117399  0.769   777  1309  1309 960   0   0   0  13  26  -1   4.8  79
  258.0 119064  0.780   777  1313  1313 962   0   0   0  12  25  -1   4.8  79
  259.0 120697  0.791   777  1316  1316 964   0   0   0  11  24  -1   4.8  79
  260.0 122297  0.801   778  1319  1319 965   0   0   0  11  22  -1   4.8  79
  261.0 123862  0.812   778  1322  1322 967   0   0   0  10  21  -1   4.8  79
  262.0 125392  0.822   778  1326  1326 969   0   0   0  10  20  -1   4.8  79
  263.0 126884  0.832   778  1329  1329 970   0   0   0   9  19  -1   4.8  79
  264.0 128339  0.841   778  1332  1332 972   0   0   0   9  19  -1   4.8  79
  265.0 129755  0.850   778  1335  1335 973   0   0   0   8  18  -1   4.8  79
  266.0 131131  0.859   779  1338  1338 974   0   0   0   8  17  -1   4.8  79
  267.0 132466  0.868   779  1342  1342 975   0   0   0   7  16  -1   4.8  79
  268.0 133759  0.877   779  1345  1345 976   0   0   0   7  16  -1   4.8  79
  269.0 135010  0.885   779  1348  1348 978   0   0   0   6  15  -1   4.8  79
  270.0 136219  0.893   779  1351  1351 979   0   0   0   6  14  -1   4.8  79
  271.0 137383  0.900   779  1354  1354 979   0   0   0   6  14  -1   4.8  79
  272.0 138504  0.908   779  1358  1358 980   0   0   0   5  13  -1   4.8  79
  273.0 139581  0.915   779  1361  1361 981   0   0   0   5  13  -1   4.8  79
  274.0 140612  0.921   780  1364  1364 982   0   0   0   5  12  -1   4.8  79
  275.0 141599  0.928   780  1367  1367 983   0   0   0   5  12  -1   4.8  79
  276.0 142541  0.934   780  1371  1371 984   0   0   0   4  11  -1   4.8  79
  277.0 143437  0.940   780  1374  1374 984   0   0   0   4  11  -1   4.8  79
  278.0 144289  0.946   780  1377  1377 985   0   0   0   4  10  -1   4.8  79
  279.0 145095  0.951   780  1380  1380 986   0   0   0   4  10  -1   4.8  79
  280.0 145856  0.956   780  1383  1383 986   0   0   0   4   9  -1   4.8  79
  281.0 146573  0.961   780  1387  1387 987   0   0   0   3   9  -1   4.8  79
  282.0 147245  0.965   780  1390  1390 987   0   0   0   3   9  -1   4.8  79
  283.0 147873  0.969   780  1393  1393 988   0   0   0   3   8  -1   4.8  79
  284.0 148458  0.973   780  1396  1396 988   0   0   0   3   8  -1   4.8  79
  285.0 148999  0.976   781  1399  1399 989   0   0   0   3   8  -1   4.8  79
  286.0 149499  0.980   781  1403  1403 989   0   0   0   3   7  -1   4.8  79
  287.0 149956  0.983   781  1406  1406 990   0   0   0   3   7  -1   4.8  79
  288.0 150373  0.985   781  1409  1409 990   0   0   0   2   7  -1   4.8  79
  289.0 150750  0.988   781  1412  1412 990   0   0   0   2   7  -1   4.8  79
  290.0 151088  0.990   781  1416  1416 991   0   0   0   2   6  -1   4.8  79
  291.0 151388  0.992   781  1419  1419 991   0   0   0   2   6  -1   4.8  79
  292.0 151651  0.994   781  1422  1422 991   0   0   0   2   6  -1   4.8  79
  293.0 151878  0.995   781  1425  1425 992   0   0   0   2   6  -1   4.8  79
  294.0 152071  0.997   781  1428  1428 992   0   0   0   2   6  -1   4.8  79
  295.0 152231  0.998   781  1432  1432 992   0   0   0   2   5  -1   4.8  79
  296.0 152359  0.998   781  1435  1435 993   0   0   0   2   5  -1   4.8  79
  297.0 152457  0.999   781  1438  1438 993   0   0   0   2   5  -1   4.8  79
  298.0 152527  1.000   781  1441  1441 993   0   0   0   2   5  -1   4.8  79
  299.0 152571  1.000   781  1444  1444 993   0   0   0   1   5  -1   4.8  79
  300.0 152590  1.000   781  1448  1448 975  22   1   2   0   0  -1   4.8  79
  301.0 152574  1.000   782  1451  1451 975  22   1   2   0   0  -1   4.8  79
  302.0 152537  1.000   782  1454  1454 975  23   1   2   0   0  -1   4.8  79
  303.0 152489  0.999   782  1457  1457 975  23   1   2   0   0  -1   4.8  79
  304.0 152432  0.999   782  1461  1461 975  23   1   2   0   0  -1   4.8  79
  305.0 152365  0.999   782  1464  1464 974  23   1   2   0   0  -1   4.8  79
  306.0 152288  0.998   782  1467  1467 974  23   1   2   0   0  -1   4.8  79
  307.0 152202  0.997   782  1470  1470 974  23   1   2   0   0  -1   4.8  79
  308.0 152106  0.997   782  1473  1473 974  23   1   2   0   0  -1   4.8  79
  309.0 152000  0.996   782  1477  1477 974  23   1   2   0   0  -1   4.8  79
  310.0 151884  0.995   782  1480  1480 974  23   1   2   0   0  -1   4.8  79
  311.0 151759  0.995   782  1483  1483 974  23   1   2   0   0  -1   4.8  79
  312.0 151625  0.994   782  1486  1486 974  23   1   2   0   0  -1   4.8  79
  313.0 151480  0.993   782  1489  1489 974  23   1   2   0   0  -1   4.8  79
  314.0 151327  0.992   782  1493  1493 974  23   1   2   0   0  -1   4.8  79
  315.0 151164  0.991   782  1496  1496 974  23   1   2   0   0  -1   4.8  79
  316.0 150992  0.990   782  1499  1499 974  23   1   2   0   0  -1   4.8  79
  317.0 150810  0.988   782  1502  1502 974  23   1   2   0   0  -1   4.8  79
  318.0 150619  0.987   782  1506  1506 974  23   1   2   0   0  -1   4.8  79
  319.0 150419  0.986   782  1509  1509 974  23   1   2   0   0  -1   4.8  79
  320.0 150210  0.984   782  1512  1512 974  23   2   2   0   0  -1   4.8  79
  321.0 149992  0.983   782  1515  1515 974  23   2   2   0   0  -1   4.8  79
  322.0 149765  0.981   782  1518  1518 974  23   2   2   0   0  -1   4.8  79
  323.0 149530  0.980   782  1522  1522 974  23   2   2   0   0  -1   4.8  79
  324.0 149285  0.978   782  1525  1525 974  23   2   2   0   0  -1   4.8  79
  325.0 149032  0.977   782  1528  1528 974  23   2   2   0   0  -1   4.8  79
  326.0 148770  0.975   782  1531  1531 973  23   2   2   0   0  -1   4.8  79
  327.0 148499  0.973   782  1534  1534 973  23   2   2   0   0  -1   4.8  79
  328.0 148220  0.971   782  1538  1538 973  23   2   2   0   0  -1   4.8  79
  329.0 147933  0.969   782  1541  1541 973  23   2   2   0   0  -1   4.8  79
  330.0 147637  0.968   782  1544  1544 973  23   2   2   0   0  -1   4.8  79
  331.0 147333  0.966   782  1547  1547 973  23   2   2   0   0  -1   4.8  79
  332.0 147021  0.963   783  1550  1550 973  23   2   2   0   0  -1   4.8  79
  333.0 146701  0.961   783  1554  1554 973  23   2   2   0   0  -1   4.8  79
  334.0 146373  0.959   783  1557  1557 973  23   2   2   0   0  -1   4.8  79
  335.0 146037  0.957   783  1560  1560 973  23   2   2   0   0  -1   4.8  79
  336.0 145693  0.955   783  1563  1563 973  23   2   2   0   0  -1   4.8  79
  337.0 145342  0.952   783  1566  1566 973  23   2   2   0   0  -1   4.8  79
  338.0 144983  0.950   783  1569  1569 973  23   2   2   0   0  -1   4.8  79
  339.0 144617  0.948   783  1573  1573 973  23   2   2   0   0  -1   4.8  79
  340.0 144243  0.945   783  1576  1576 973  23   2   2   0   0  -1   4.8  79
  341.0 143861  0.943   783  1579  1579 973  23   2   2   0   0  -1   4.8  79
  342.0 143473  0.940   783  1582  1582 973  23   2   3   0   0  -1   4.8  79
  343.0 143078  0.938   783  1585  1585 972  23   2   3   0   0  -1   4.8  79
  344.0 142676  0.935   783  1588  1588 972  23   2   3   0   0  -1   4.8  79
  345.0 142267  0.932   783  1591  1591 972  23   2   3   0   0  -1   4.8  79
  346.0 141851  0.930   783  1594  1594 972  23   2   3   0   0  -1   4.8  79
  347.0 141428  0.927   783  1597  1597 972  23   2   3   0   0  -1   4.8  79
  348.0 140999  0.924   783  1599  1599 972  23   2   3   0   0  -1   4.8  79
  349.0 140564  0.921   783  1602  1602 972  23   2   3   0   0  -1   4.8  79
  350.0 140122  0.918   783  1605  1605 972  23   2   3   0   0  -1   4.8  79
  351.0 139674  0.915   783  1608  1608 972  23   2   3   0   0  -1   4.8  79
  352.0 139220  0.912   783  1610  1610 972  23   2   3   0   0  -1   4.8  79
  353.0 138760  0.909   783  1613  1613 972  23   3   3   0   0  -1   4.8  79
  354.0 138294  0.906   783  1615  1615 972  23   3   3   0   0  -1   4.8  79
  355.0 137822  0.903   783  1618  1618 972  23   3   3   0   0  -1   4.8  79
  356.0 137345  0.900   783  1620  1620 972  23   3   3   0   0  -1   4.8  79
  357.0 136863  0.897   783  1623  1623 972  23   3   3   0   0  -1   4.8  79
  358.0 136374  0.894   783  1625  1625 971  23   3   3   0   0  -1   4.8  79
  359.0 135881  0.890   783  1628  1628 971  23   3   3   0   0  -1   4.8  79
  360.0 135382  0.887   783  1630  1630 971  23   3   3   0   0  -1   4.8  79
  361.0 134879  0.884   783  1632  1632 971  23   3   3   0   0  -1   4.8  79
  362.0 134370  0.881   783  1635  1635 971  23   3   3   0   0  -1   4.8  79
  363.0 133857  0.877   783  1637  1637 971  23   3   3   0   0  -1   4.8  79
  364.0 133339  0.874   783  1639  1639 971  23   3   3   0   0  -1   4.8  79
  365.0 132817  0.870   783  1641  1641 971  23   3   3   0   0  -1   4.8  79
  366.0 132290  0.867   783  1644  1644 971  23   3   3   0   0  -1   4.8  79
  367.0 131759  0.863   783  1646  1646 971  23   3   3   0   0  -1   4.8  79
  368.0 131223  0.860   783  1648  1648 971  23   3   3   0   0  -1   4.8  79
  369.0 130684  0.856   783  1651  1651 971  23   3   3   0   0  -1   4.8  79
  370.0 130140  0.853   783  1653  1653 970  23   3   3   0   0  -1   4.8  79
  371.0 129593  0.849   783  1655  1655 970  23   3   3   0   0  -1   4.8  79
  372.0 129042  0.846   783  1657  1657 970  23   3   3   0   0  -1   4.8  79
  373.0 128487  0.842   783  1659  1659 970  23   3   3   0   0  -1   4.8  79
  374.0 127930  0.838   783  1662  1662 970  23   3   3   0   0  -1   4.8  79
  375.0 127368  0.835   783  1664  1664 970  23   4   3   0   0  -1   4.8  79
  376.0 126804  0.831   783  1666  1666 970  23   4   3   0   0  -1   4.8  79
  377.0 126236  0.827   783  1668  1668 970  23   4   3   0   0  -1   4.8  79
  378.0 125665  0.824   783  1671  1671 970  23   4   3   0   0  -1   4.8  79
  379.0 125092  0.820   783  1673  1673 970  23   4   3   0   0  -1   4.8  79
  380.0 124515  0.816   783  1675  1675 970  23   4   3   0   0  -1   4.8  79
  381.0 123937  0.812   783  1677  1677 969  23   4   4   0   0  -1   4.8  79
  382.0 123355  0.808   783  1679  1679 969  23   4   4   0   0  -1   4.8  79
  383.0 122771  0.805   783  1682  1682 969  23   4   4   0   0  -1   4.8  79
  384.0 122185  0.801   783  1684  1684 969  23   4   4   0   0  -1   4.8  79
  385.0 121597  0.797   783  1686  1686 969  23   4   4   0   0  -1   4.8  79
  386.0 121007  0.793   783  1688  1688 969  23   4   4   0   0  -1   4.8  79
  387.0 120415  0.789   783  1691  1691 969  23   4   4   0   0  -1   4.8  79
  388.0 119821  0.785   783  1693  1693 969  23   4   4   0   0  -1   4.8  79
  389.0 119225  0.781   783  1695  1695 969  23   4   4   0   0  -1   4.8  79
  390.0 118628  0.777   783  1697  1697 969  23   4   4   0   0  -1   4.8  79
  391.0 118029  0.773   783  1699  1699 968  23   5   4   0   0  -1   4.8  79
  392.0 117429  0.770   783  1702  1702 968  23   5   4   0   0  -1   4.8  79
  393.0 116827  0.766   783  1704  1704 968  23   5   4   0   0  -1   4.8  79
  394.0 116224  0.762   783  1706  1706 968  23   5   4   0   0  -1   4.8  79
  395.0 115621  0.758   783  1708  1708 968  23   5   4   0   0  -1   4.8  79
  396.0 115016  0.754   783  1711  1711 968  23   5   4   0   0  -1   4.8  79
  397.0 114411  0.750   783  1713  1713 968  23   5   4   0   0  -1   4.8  79
  398.0 113804  0.746   783  1715  1715 968  23   5   4   0   0  -1   4.8  79
  399.0 113197  0.742   783  1717  1717 968  23   5   4   0   0  -1   4.8  79
  400.0 112590  0.738   783  1719  1719 967  23   5   4   0   0  -1   4.8  79
  401.0 111982  0.734   783  1722  1722 967  23   5   4   0   0  -1   4.8  79
  402.0 111374  0.730   783  1724  1724 967  23   5   4   0   0  -1   4.8  79
  403.0 110765  0.726   783  1726  1726 967  23   5   4   0   0  -1   4.8  79
  404.0 110156  0.722   783  1728  1728 967  23   6   4   0   0  -1   4.8  79
  405.0 109548  0.718   783  1731  1731 967  23   6   4   0   0  -1   4.8  79
  406.0 108939  0.714   783  1733  1733 967  23   6   4   0   0  -1   4.8  79
  407.0 108330  0.710   783  1735  1735 967  23   6   4   0   0  -1   4.8  79
  408.0 107722  0.706   783  1737  1737 966  23   6   4   0   0  -1   4.8  79
  409.0 107113  0.702   783  1739  1739 966  23   6   4   0   0  -1   4.8  79
  410.0 106506  0.698   783  1742  1742 966  23   6   5   0   0  -1   4.8  79
  411.0 105898  0.694   783  1744  1744 966  23   6   5   0   0  -1   4.8  79
  412.0 105291  0.690   783  1746  1746 966  23   6   5   0   0  -1   4.8  79
  413.0 104685  0.686   783  1748  1748 966  23   6   5   0   0  -1   4.8  79
  414.0 104079  0.682   783  1751  1751 966  23   6   5   0   0  -1   4.8  79
  415.0 103475  0.678   783  1753  1753 965  23   7   5   0   0  -1   4.8  79
  416.0 102870  0.674   783  1755  1755 965  23   7   5   0   0  -1   4.8  79
  417.0 102267  0.670   783  1757  1757 965  23   7   5   0   0  -1   4.8  79
  418.0 101665  0.666   783  1759  1759 965  23   7   5   0   0  -1   4.8  79
  419.0 101064  0.662   783  1762  1762 965  23   7   5   0   0  -1   4.8  79
  420.0 100464  0.658   783  1764  1764 965  23   7   5   0   0  -1   4.8  79
  421.0  99865  0.654   783  1766  1766 964  23   7   5   0   0  -1   4.8  79
  422.0  99268  0.651   783  1768  1768 964  23   7   5   0   0  -1   4.8  79
  423.0  98672  0.647   783  1770  1770 964  23   7   5   0   0  -1   4.8  79
  424.0  98077  0.643   783  1773  1773 964  23   7   5   0   0  -1   4.8  79
  425.0  97484  0.639   783  1775  1775 964  23   8   5   0   0  -1   4.8  79
  426.0  96892  0.635   783  1777  1777 964  23   8   5   0   0  -1   4.8  79
  427.0  96301  0.631   783  1779  1779 963  23   8   5   0   0  -1   4.8  79
  428.0  95713  0.627   783  1782  1782 963  23   8   5   0   0  -1   4.8  79
  429.0  95125  0.623   783  1784  1784 963  23   8   5   0   0  -1   4.8  79
  430.0  94540  0.620   783  1786  1786 963  23   8   5   0   0  -1   4.8  79
  431.0  93957  0.616   783  1788  1788 963  23   8   5   0   0  -1   4.8  79
  432.0  93375  0.612   783  1790  1790 963  23   8   5   0   0  -1   4.8  79
  433.0  92795  0.608   783  1793  1793 962  23   9   5   0   0  -1   4.8  79
  434.0  92217  0.604   783  1795  1795 962  23   9   6   0   0  -1   4.8  79
  435.0  91641  0.601   783  1797  1797 962  24   9   6   0   0  -1   4.8  79
  436.0  91067  0.597   783  1799  1799 962  24   9   6   0   0  -1   4.8  79
  437.0  90495  0.593   783  1802  1802 962  24   9   6   0   0  -1   4.8  79
  438.0  89926  0.589   783  1804  1804 961  24   9   6   0   0  -1   4.8  79
  439.0  89358  0.586   783  1806  1806 961  24   9   6   0   0  -1   4.8  79
  440.0  88793  0.582   783  1808  1808 961  24  10   6   0   0  -1   4.8  79
  441.0  88229  0.578   783  1810  1810 961  24  10   6   0   0  -1   4.8  79
  442.0  87668  0.575   783  1813  1813 961  24  10   6   0   0  -1   4.8  79
  443.0  87110  0.571   783  1815  1815 960  24  10   6   0   0  -1   4.8  79
  444.0  86553  0.567   783  1817  1817 960  24  10   6   0   0  -1   4.8  79
  445.0  85999  0.564   783  1819  1819 960  24  10   6   0   0  -1   4.8  79
  446.0  85448  0.560   783  1822  1822 960  24  10   6   0   0  -1   4.8  79
  447.0  84899  0.556   783  1824  1824 960  24  11   6   0   0  -1   4.8  79
  448.0  84352  0.553   783  1826  1826 959  24  11   6   0   0  -1   4.8  79
  449.0  83808  0.549   783  1828  1828 959  24  11   6   0   0  -1   4.8  79
  450.0  83266  0.546   783  1830  1830 959  24  11   6   0   0  -1   4.8  79
  451.0  82727  0.542   783  1833  1833 959  24  11   6   0   0  -1   4.8  79
  452.0  82190  0.539   783  1835  1835 958  24  12   6   0   0  -1   4.8  79
  453.0  81656  0.535   783  1837  1837 958  24  12   7   0   0  -1   4.8  79
  454.0  81125  0.532   783  1839  1839 958  24  12   7   0   0  -1   4.8  79
  455.0  80596  0.528   783  1842  1842 958  24  12   7   0   0  -1   4.8  79
  456.0  80070  0.525   783  1844  1844 957  24  12   7   0   0  -1   4.8  79
  457.0  79547  0.521   783  1846  1846 957  24  12   7   0   0  -1   4.8  79
  458.0  79026  0.518   783  1848  1848 957  24  13   7   0   0  -1   4.8  79
  459.0  78533  0.515   783  1850  1850 957  24  13   7   0   0  -1   4.8  79
  460.0  78069  0.512   783  1853  1853 956  24  13   7   0   0  -1   4.8  79
  461.0  77608  0.509   783  1855  1855 956  24  13   7   0   0  -1   4.8  79
  462.0  77149  0.506   783  1857  1857 956  24  13   7   0   0  -1   4.8  79
  463.0  76692  0.503   783  1859  1859 956  24  14   7   0   0  -1   4.8  79
  464.0  76237  0.500   783  1862  1862 955  24  14   7   0   0  -1   4.8  79
  465.0  75785  0.497   783  1864  1864 955  24  14   7   0   0  -1   4.8  79
  466.0  75336  0.494   783  1866  1866 955  24  14   7   0   0  -1   4.8  79
  467.0  74889  0.491   783  1868  1868 955  24  14   7   0   0  -1   4.8  79
  468.0  74444  0.488   783  1870  1870 954  24  15   7   0   0  -1   4.8  79
  469.0  74002  0.485   783  1873  1873 954  24  15   7   0   0  -1   4.8  79
  470.0  73562  0.482   783  1875  1875 954  24  15   8   0   0  -1   4.8  79
  471.0  73125  0.479   783  1877  1877 953  24  15   8   0   0  -1   4.8  79
  472.0  72690  0.476   783  1879  1879 953  24  16   8   0   0  -1   4.8  79
  473.0  72258  0.474   783  1882  1882 953  24  16   8   0   0  -1   4.8  79
  474.0  71828  0.471   783  1884  1884 952  24  16   8   0   0  -1   4.8  79
  475.0  71401  0.468   783  1886  1886 952  24  16   8   0   0  -1   4.8  79
  476.0  70976  0.465   783  1888  1888 952  24  17   8   0   0  -1   4.8  79
  477.0  70554  0.462   783  1890  1890 951  24  17   8   0   0  -1   4.8  79
  478.0  70134  0.460   783  1893  1893 951  24  17   8   0   0  -1   4.8  79
  479.0  69717  0.457   783  1895  1895 951  24  17   8   0   0  -1   4.8  79
  480.0  69302  0.454   783  1897  1897 950  24  18   8   0   0  -1   4.8  79
  481.0  68890  0.451   783  1899  1899 950  24  18   8   0   0  -1   4.8  79
  482.0  68480  0.449   783  1902  1902 950  24  18   8   0   0  -1   4.8  79
  483.0  68073  0.446   783  1904  1904 949  24  18   8   0   0  -1   4.8  79
  484.0  67668  0.443   783  1906  1906 949  24  19   8   0   0  -1   4.8  79
  485.0  67266  0.441   783  1908  1908 949  24  19   9   0   0  -1   4.8  79
  486.0  66867  0.438   783  1910  1910 948  24  19   9   0   0  -1   4.8  79
  487.0  66470  0.436   783  1913  1913 948  24  20   9   0   0  -1   4.8  79
  488.0  66075  0.433   783  1915  1915 948  24  20   9   0   0  -1   4.8  79
  489.0  65683  0.430   783  1917  1917 947  24  20   9   0   0  -1   4.8  79
  490.0  65294  0.428   783  1919  1919 947  24  20   9   0   0  -1   4.8  79
  491.0  64907  0.425   783  1922  1922 946  24  21   9   0   0  -1   4.8  79
  492.0  64523  0.423   783  1924  1924 946  24  21   9   0   0  -1   4.8  79
  493.0  64141  0.420   783  1926  1926 946  24  21   9   0   0  -1   4.8  79
  494.0  63762  0.418   783  1928  1928 945  24  22   9   0   0  -1   4.8  79
  495.0  63385  0.415   783  1930  1930 945  24  22   9   0   0  -1   4.8  79
  496.0  63011  0.413   783  1933  1933 944  24  22   9   0   0  -1   4.8  79
  497.0  62639  0.411   783  1935  1935 944  24  23   9   0   0  -1   4.8  79
  498.0  62270  0.408   783  1937  1937 944  24  23  10   0   0  -1   4.8  79
  499.0  61903  0.406   783  1939  1939 943  24  23  10   0   0  -1   4.8  79
  500.0  61539  0.403   783  1942  1942 943  24  24  10   0   0  -1   4.8  79
