


yyyy/mmdd(or -ddd)/hh.h):2012/ -42/10.0UT  geog Lat/Long/Alt= 44.0/   2.0/ 300.0

IRIcor2 is used for topside Ne profile
OTSB2012 plasmasphere model w/o  plasmapause
URSI maps are used for the F2 peak density (NmF2)
foF2 STORM model is turned on 
Shubin2015 model is used for F2 peak height (hmF2)
ABT-2009 option is used for the bottomside thickness parameter B0
Scotto-97 no L   option is used for the F1 occurrence probability
foE auroral storm model is turned off
IRI-1990   option is used for D-region
TBT-2012 with solar dependence is used for the electron temperature
TBKS2021 option is used for the ion temperature
RBV10+TBT15 option is used for ion composition
CGM coordinate computation is turned off

Peak Densities/cm-3: NmF2= 902086.0   NmF1= 224445.6   NmE= 109846.3
Peak Heights/km:     hmF2=   227.12   hmF1=     0.00   hmE=   110.00

Solar Zenith Angle/degree                              64.4
Dip (Magnetic Inclination)/degree                      59.26
Modip (Modified Dip)/degree                            50.65
Solar Sunspot Number (12-months running mean) Rz12     66.8           
Ionospheric-Effective Solar Index IG12                 77.9           
Solar radio flux F10.7 (daily)                        109.4           
Solar radio flux F10.7 (81-day average)               116.9           

TEC [1.E16 m-2] is obtained by numerical integration in 1km steps
 from    65.0 to  2000.0 km. t is the percentage of TEC above the F peak.

-
   H   ELECTRON DENSITY   TEMPERATURES      ION PERCENTAGES[%]*10    1E16m-2
   km  Ne/cm-3 Ne/NmF2 Tn/K  Ti/K  Te/K  O+  N+  H+ He+ O2+ NO+ Clust TEC t/%
   80.0    430  0.000   208   208   208   0   0   0   0   3 997  -1  22.7  73
   81.0    452  0.001   205   205   205   0   0   0   0   3 997  -1  22.7  73
   82.0    476  0.001   203   203   203   0   0   0   0   3 997  -1  22.7  73
   83.0    523  0.001   200   200   200   0   0   0   0   4 996  -1  22.7  73
   84.0    628  0.001   198   198   198   0   0   0   0   5 995  -1  22.7  73
   85.0    870  0.001   195   195   195   0   0   0   0   7 993  -1  22.7  73
   86.0   1440  0.002   193   193   193   0   0   0   0  12 988  -1  22.7  73
   87.0   2438  0.003   191   191   191   0   0   0   0  21 979  -1  22.7  73
   88.0   3947  0.004   188   188   188   0   0   0   0  33 967  -1  22.7  73
   89.0   6123  0.007   186   186   186   0   0   0   0  51 949  -1  22.7  73
   90.0   9119  0.010   184   184   184   0   0   0   0  73 927  -1  22.7  73
   91.0  13066  0.014   182   182   182   0   0   0   0 100 900  -1  22.7  73
   92.0  18048  0.020   180   180   180   0   0   0   0 131 869  -1  22.7  73
   93.0  24080  0.027   179   179   179   0   0   0   0 173 827  -1  22.7  73
   94.0  31095  0.034   177   177   177   0   0   0   0 219 781  -1  22.7  73
   95.0  38942  0.043   176   176   176   0   0   0   0 268 732  -1  22.7  73
   96.0  47393  0.053   176   176   176   0   0   0   0 317 683  -1  22.7  73
   97.0  56159  0.062   176   176   176   0   0   0   0 364 636  -1  22.7  73
   98.0  64924  0.072   176   176   176   0   0   0   0 407 593  -1  22.7  73
   99.0  73372  0.081   178   178   178   0   0   0   0 444 556  -1  22.7  73
  100.0  81218  0.090   180   180   180   0   0   0   0 474 526  -1  22.7  73
  101.0  88231  0.098   182   182   182   0   0   0   0 498 502  -1  22.7  73
  102.0  94251  0.104   186   186   186   0   0   0   0 515 485  -1  22.7  73
  103.0  99196  0.110   190   190   190   0   0   0   0 526 474  -1  22.7  73
  104.0 103057  0.114   196   196   196   0   0   0   0 531 469  -1  22.7  73
  105.0 105895  0.117   202   202   202   0   0   0   0 532 468  -1  22.7  73
  106.0 107825  0.120   208   208   208   0   0   0   0 509 490  -1  22.7  73
  107.0 108999  0.121   216   216   216   0   0   0   0 483 516  -1  22.7  73
  108.0 109599  0.121   224   224   224   0   0   0   0 445 554  -1  22.7  73
  109.0 109816  0.122   232   232   232   0   0   0   0 423 577  -1  22.7  73
  110.0 109846  0.122   241   241   241   0   0   0   0 406 594  -1  22.7  73
  111.0 109517  0.121   250   250   250   0   0   0   0 392 607  -1  22.7  73
  112.0 108609  0.120   260   260   260   0   0   0   0 381 618  -1  22.7  73
  113.0 107261  0.119   269   269   269   1   0   0   0 375 623  -1  22.7  73
  114.0 105632  0.117   279   279   279   1   0   0   0 367 632  -1  22.7  73
  115.0 103888  0.115   289   289   289   1   0   0   0 360 638  -1  22.7  73
  116.0 102198  0.113   300   300   300   1   0   0   0 357 641  -1  22.7  73
  117.0 100725  0.112   310   310   310   1   0   0   0 355 642  -1  22.7  73
  118.0  99613  0.110   321   321   321   1   0   0   0 357 640  -1  22.7  73
  119.0  98982  0.110   333   333   333   2   0   0   0 361 636  -1  22.7  73
  120.0  98920  0.110   345   345   345   2   0   0   0 366 631  -1  22.7  73
  121.0  99469  0.110   357   357   359   2   0   0   0 371 626  -1  22.7  73
  122.0 100623  0.112   371   371   373   3   0   0   0 376 619  -1  22.7  73
  123.0 102313  0.113   385   385   388   3   0   0   0 382 613  -1  22.7  73
  124.0 104404  0.116   399   399   402   4   0   0   0 387 608  -1  22.7  73
  125.0 106681  0.118   413   413   416   5   0   0   0 390 603  -1  22.7  73
  126.0 108845  0.121   427   427   431   6   0   0   0 392 600  -1  22.7  73
  127.0 112661  0.125   441   441   445   7   0   0   0 395 596  -1  22.7  73
  128.0 119070  0.132   454   454   460   8   0   0   0 399 591  -1  22.7  73
  129.0 125695  0.139   467   467   474  10   0   0   0 401 586  -1  22.7  73
  130.0 132534  0.147   479   479   488  11   0   0   0 403 583  -1  22.7  73
  131.0 139586  0.155   491   491   503  14   1   0   0 403 580  -1  22.7  73
  132.0 146850  0.163   503   503   517  16   1   0   0 402 578  -1  22.7  73
  133.0 154325  0.171   514   514   531  19   1   0   0 400 577  -1  22.7  73
  134.0 162008  0.180   525   525   546  23   1   0   0 397 575  -1  22.7  73
  135.0 169896  0.188   535   535   560  26   1   0   0 394 574  -1  22.7  73
  136.0 177987  0.197   545   545   574  31   1   0   0 391 573  -1  22.7  73
  137.0 186278  0.206   555   555   589  36   1   0   0 387 571  -1  22.7  73
  138.0 194764  0.216   565   565   603  41   1   0   0 383 569  -1  22.7  73
  139.0 203442  0.226   574   574   618  47   1   0   0 378 567  -1  22.7  73
  140.0 212307  0.235   583   583   632  54   2   0   0 373 564  -1  22.7  73
  141.0 221355  0.245   592   592   646  61   2   0   0 368 561  -1  22.7  73
  142.0 230581  0.256   600   600   661  69   2   0   0 363 558  -1  22.7  73
  143.0 239978  0.266   608   608   675  78   2   0   0 358 553  -1  22.7  73
  144.0 249543  0.277   616   616   689  88   2   0   0 352 549  -1  22.7  73
  145.0 259268  0.287   624   624   704  98   3   0   0 346 544  -1  22.7  73
  146.0 269147  0.298   631   631   718 109   3   0   0 340 538  -1  22.7  73
  147.0 279174  0.309   639   639   732 121   3   0   0 334 531  -1  22.7  73
  148.0 289342  0.321   646   646   747 133   3   0   0 328 524  -1  22.7  73
  149.0 299643  0.332   652   652   761 147   3   0   0 321 517  -1  22.7  73
  150.0 310071  0.344   659   659   776 161   4   0   0 314 509  -1  22.7  73
  151.0 320617  0.355   665   665   790 176   4   0   0 307 500  -1  22.7  73
  152.0 331275  0.367   672   672   804 191   4   0   0 300 491  -1  22.7  73
  153.0 342036  0.379   678   678   819 207   4   0   0 293 482  -1  22.7  73
  154.0 352891  0.391   683   683   833 224   5   0   0 285 472  -1  22.7  73
  155.0 363833  0.403   689   689   847 241   5   0   0 278 461  -1  22.7  73
  156.0 374853  0.416   695   695   862 259   5   0   0 270 451  -1  22.7  73
  157.0 385943  0.428   700   700   876 277   5   0   0 262 440  -1  22.7  73
  158.0 397093  0.440   705   705   890 296   5   0   0 254 428  -1  22.7  73
  159.0 408295  0.453   710   710   905 314   6   0   0 247 416  -1  22.7  73
  160.0 419539  0.465   715   715   919 334   6   0   0 239 405  -1  22.7  73
  161.0 430818  0.478   719   719   934 353   6   0   0 231 392  -1  22.7  73
  162.0 442121  0.490   724   724   948 373   6   0   0 223 380  -1  22.7  73
  163.0 453440  0.503   728   728   962 392   6   0   0 215 368  -1  22.7  73
  164.0 464766  0.515   733   733   977 412   6   0   0 208 356  -1  22.7  73
  165.0 476089  0.528   737   737   991 431   7   0   0 200 344  -1  22.7  73
  166.0 487400  0.540   741   741  1005 451   7   0   0 192 332  -1  22.7  73
  167.0 498691  0.553   745   745  1020 470   7   0   0 185 320  -1  22.7  73
  168.0 509952  0.565   748   748  1034 489   7   0   0 178 308  -1  22.7  73
  169.0 521175  0.578   752   752  1048 508   7   0   0 171 296  -1  22.7  73
  170.0 532350  0.590   756   756  1063 526   7   0   0 164 284  -1  22.7  73
  171.0 543469  0.602   759   759  1077 544   7   0   0 157 273  -1  22.7  73
  172.0 554523  0.615   762   762  1092 562   7   0   0 150 262  -1  22.7  73
  173.0 565503  0.627   765   765  1106 579   7   0   0 144 251  -1  22.7  73
  174.0 576402  0.639   769   769  1120 596   7   0   0 138 240  -1  22.7  73
  175.0 587210  0.651   772   772  1135 613   7   0   0 132 230  -1  22.7  73
  176.0 597920  0.663   775   775  1149 629   7   0   0 126 220  -1  22.7  73
  177.0 608524  0.675   777   777  1163 644   7   0   0 120 211  -1  22.7  73
  178.0 619016  0.686   780   780  1178 659   8   0   0 115 201  -1  22.7  73
  179.0 629423  0.698   783   783  1192 673   8   0   0 110 192  -1  22.7  73
  180.0 639742  0.709   785   785  1206 687   8   0   0 105 183  -1  22.7  73
  181.0 649965  0.721   788   788  1221 701   8   0   0 100 175  -1  22.7  73
  182.0 660082  0.732   790   790  1235 714   8   0   0  95 167  -1  22.7  73
  183.0 670086  0.743   793   793  1249 726   8   0   0  91 159  -1  22.7  73
  184.0 679966  0.754   795   795  1264 739   7   0   0  87 152  -1  22.7  73
  185.0 689715  0.765   797   797  1278 750   7   0   0  82 145  -1  22.7  73
  186.0 699324  0.775   799   799  1292 761   7   0   0  78 138  -1  22.7  73
  187.0 708784  0.786   801   801  1306 772   7   0   0  75 131  -1  22.7  73
  188.0 718087  0.796   803   803  1321 782   7   0   0  71 125  -1  22.7  73
  189.0 727225  0.806   805   805  1335 792   7   0   0  68 119  -1  22.7  73
  190.0 736190  0.816   807   807  1349 801   7   0   0  65 114  -1  22.7  73
  191.0 744974  0.826   809   809  1363 810   7   0   0  61 108  -1  22.7  73
  192.0 753570  0.835   811   811  1377 818   7   0   0  59 103  -1  22.7  73
  193.0 761970  0.845   813   813  1392 826   7   0   0  56  98  -1  22.7  73
  194.0 770168  0.854   814   814  1405 834   7   0   0  53  93  -1  22.7  73
  195.0 778156  0.863   816   816  1419 842   7   0   0  51  89  -1  22.7  73
  196.0 785928  0.871   818   818  1433 849   7   0   0  48  85  -1  22.7  73
  197.0 793478  0.880   819   819  1447 855   7   0   0  46  81  -1  22.7  73
  198.0 800800  0.888   821   821  1461 862   7   0   0  44  77  -1  22.7  73
  199.0 807888  0.896   822   822  1474 868   7   0   0  42  73  -1  22.7  73
  200.0 814738  0.903   823   823  1487 873   7   0   0  40  70  -1  22.7  73
  201.0 821344  0.910   825  1500  1500 829  10   0   0  37 105  -1  22.7  73
  202.0 827702  0.918   826  1513  1513 834  10   0   0  36 102  -1  22.7  73
  203.0 833807  0.924   827  1525  1525 839  10   0   0  34  99  -1  22.7  73
  204.0 839657  0.931   829  1538  1538 844  10   0   0  33  96  -1  22.7  73
  205.0 845247  0.937   830  1549  1549 848  10   0   0  31  93  -1  22.7  73
  206.0 850576  0.943   831  1561  1561 853  10   0   0  30  90  -1  22.7  73
  207.0 855639  0.949   832  1572  1572 857  10   0   0  29  87  -1  22.7  73
  208.0 860437  0.954   833  1582  1582 862  10   0   0  28  85  -1  22.7  73
  209.0 864966  0.959   834  1592  1592 866  10   0   0  26  82  -1  22.7  73
  210.0 869226  0.964   835  1601  1601 870  10   0   0  25  79  -1  22.7  73
  211.0 873216  0.968   836  1610  1610 874  10   0   0  24  76  -1  22.7  73
  212.0 876936  0.972   837  1618  1618 878  10   0   0  23  74  -1  22.7  73
  213.0 880387  0.976   838  1626  1626 881  10   0   0  22  71  -1  22.7  73
  214.0 883569  0.979   839  1633  1633 885  10   0   0  21  69  -1  22.7  73
  215.0 886483  0.983   840  1640  1640 889  10   0   0  21  66  -1  22.7  73
  216.0 889133  0.986   841  1646  1646 892  10   0   0  20  64  -1  22.7  73
  217.0 891520  0.988   842  1652  1652 896  10   0   0  19  62  -1  22.7  73
  218.0 893648  0.991   843  1658  1658 899  10   0   0  18  59  -1  22.7  73
  219.0 895521  0.993   843  1663  1663 902  10   0   0  17  57  -1  22.7  73
  220.0 897142  0.995   844  1668  1668 906  10   0   0  17  55  -1  22.7  73
  221.0 898519  0.996   845  1673  1673 909  10   0   0  16  53  -1  22.7  73
  222.0 899656  0.997   846  1677  1677 912  10   0   0  15  51  -1  22.7  73
  223.0 900563  0.998   846  1682  1682 914  10   0   0  15  49  -1  22.7  73
  224.0 901246  0.999   847  1686  1686 917  10   0   0  14  47  -1  22.7  73
  225.0 901717  1.000   848  1690  1690 920  10   0   0  14  46  -1  22.7  73
  226.0 901991  1.000   848  1694  1694 922  10   0   0  13  44  -1  22.7  73
  227.0 902085  1.000   849  1698  1698 925  10   0   0  12  42  -1  22.7  73
  228.0 901930  1.000   849  1702  1702 927  10   0   0  12  41  -1  22.7  73
  229.0 901680  1.000   850  1706  1706 929  10   0   0  12  39  -1  22.7  73
  230.0 901350  0.999   850  1709  1709 932  10   0   0  11  38  -1  22.7  73
  231.0 900943  0.999   851  1713  1713 934  10   0   0  11  36  -1  22.7  73
  232.0 900456  0.998   852  1717  1717 936  10   0   0  10  35  -1  22.7  73
  233.0 899891  0.998   852  1720  1720 938  10   0   0  10  34  -1  22.7  73
  234.0 899249  0.997   853  1724  1724 940  10   0   0   9  33  -1  22.7  73
  235.0 898530  0.996   853  1728  1728 941  10   0   0   9  31  -1  22.7  73
  236.0 897733  0.995   854  1731  1731 943  10   0   0   9  30  -1  22.7  73
  237.0 896861  0.994   854  1735  1735 945  10   0   0   8  29  -1  22.7  73
  238.0 895911  0.993   854  1738  1738 946  10   0   0   8  28  -1  22.7  73
  239.0 894886  0.992   855  1742  1742 948  10   0   0   8  27  -1  22.7  73
  240.0 893789  0.991   855  1745  1745 949  10   0   0   7  26  -1  22.7  73
  241.0 892613  0.989   856  1749  1749 951  10   0   0   7  25  -1  22.7  73
  242.0 891363  0.988   856  1753  1753 952  10   0   0   7  24  -1  22.7  73
  243.0 890038  0.987   856  1756  1756 954  10   0   0   7  24  -1  22.7  73
  244.0 888641  0.985   857  1760  1760 955  10   0   0   6  23  -1  22.7  73
  245.0 887171  0.983   857  1763  1763 956  10   0   0   6  22  -1  22.7  73
  246.0 885627  0.982   857  1767  1767 957  10   0   0   6  21  -1  22.7  73
  247.0 884013  0.980   858  1770  1770 958  10   0   0   6  20  -1  22.7  73
  248.0 882328  0.978   858  1774  1774 959  10   0   0   5  20  -1  22.7  73
  249.0 880571  0.976   858  1777  1777 961  10   0   0   5  19  -1  22.7  73
  250.0 878747  0.974   859  1781  1781 962  10   0   0   5  18  -1  22.7  73
  251.0 876851  0.972   859  1784  1784 962  10   0   0   5  18  -1  22.7  73
  252.0 874890  0.970   859  1788  1788 963  10   0   0   5  17  -1  22.7  73
  253.0 872859  0.968   860  1791  1791 964  10   0   0   4  17  -1  22.7  73
  254.0 870762  0.965   860  1795  1795 965  10   0   0   4  16  -1  22.7  73
  255.0 868598  0.963   860  1798  1798 966  10   0   0   4  15  -1  22.7  73
  256.0 866369  0.960   860  1802  1802 967  10   0   0   4  15  -1  22.7  73
  257.0 864076  0.958   861  1805  1805 968  10   0   0   4  14  -1  22.7  73
  258.0 861719  0.955   861  1809  1809 968  10   0   0   4  14  -1  22.7  73
  259.0 859300  0.953   861  1812  1812 969  10   0   0   4  14  -1  22.7  73
  260.0 856817  0.950   861  1816  1816 970  10   0   0   3  13  -1  22.7  73
  261.0 854276  0.947   862  1819  1819 970  10   0   0   3  13  -1  22.7  73
  262.0 851676  0.944   862  1823  1823 971  10   0   0   3  12  -1  22.7  73
  263.0 849013  0.941   862  1826  1826 972  10   0   0   3  12  -1  22.7  73
  264.0 846295  0.938   862  1830  1830 972  10   0   0   3  11  -1  22.7  73
  265.0 843517  0.935   862  1834  1834 973  10   0   0   3  11  -1  22.7  73
  266.0 840683  0.932   863  1837  1837 973  10   0   0   3  11  -1  22.7  73
  267.0 837795  0.929   863  1841  1841 974  10   0   0   3  10  -1  22.7  73
  268.0 834853  0.925   863  1844  1844 974  10   0   0   3  10  -1  22.7  73
  269.0 831856  0.922   863  1848  1848 975  10   0   0   2  10  -1  22.7  73
  270.0 828808  0.919   863  1851  1851 975  10   0   0   2   9  -1  22.7  73
  271.0 825709  0.915   863  1855  1855 976  10   0   0   2   9  -1  22.7  73
  272.0 822560  0.912   864  1858  1858 976  10   0   0   2   9  -1  22.7  73
  273.0 819359  0.908   864  1862  1862 976  11   0   0   2   9  -1  22.7  73
  274.0 816113  0.905   864  1865  1865 977  11   0   0   2   8  -1  22.7  73
  275.0 812821  0.901   864  1869  1869 977  11   0   0   2   8  -1  22.7  73
  276.0 809480  0.897   864  1872  1872 977  11   0   0   2   8  -1  22.7  73
  277.0 806094  0.894   864  1876  1876 978  11   0   0   2   8  -1  22.7  73
  278.0 802666  0.890   864  1879  1879 978  11   0   0   2   7  -1  22.7  73
  279.0 799194  0.886   865  1883  1883 978  11   0   0   2   7  -1  22.7  73
  280.0 795681  0.882   865  1886  1886 979  11   0   0   2   7  -1  22.7  73
  281.0 792127  0.878   865  1890  1890 979  11   0   0   2   7  -1  22.7  73
  282.0 788533  0.874   865  1893  1893 979  11   0   0   2   6  -1  22.7  73
  283.0 784901  0.870   865  1897  1897 980  11   0   0   1   6  -1  22.7  73
  284.0 781234  0.866   865  1900  1900 980  11   0   0   1   6  -1  22.7  73
  285.0 777528  0.862   865  1904  1904 980  11   0   0   1   6  -1  22.7  73
  286.0 773788  0.858   865  1907  1907 980  11   0   0   1   6  -1  22.7  73
  287.0 770013  0.854   865  1911  1911 980  11   0   0   1   6  -1  22.7  73
  288.0 766206  0.849   866  1914  1914 981  11   0   0   1   5  -1  22.7  73
  289.0 762366  0.845   866  1918  1918 981  11   0   0   1   5  -1  22.7  73
  290.0 758497  0.841   866  1921  1921 981  11   0   0   1   5  -1  22.7  73
  291.0 754596  0.837   866  1925  1925 981  11   0   0   1   5  -1  22.7  73
  292.0 750669  0.832   866  1928  1928 981  11   0   0   1   5  -1  22.7  73
  293.0 746712  0.828   866  1932  1932 982  11   0   0   1   5  -1  22.7  73
  294.0 742730  0.823   866  1935  1935 982  12   0   0   1   5  -1  22.7  73
  295.0 738723  0.819   866  1939  1939 982  12   0   0   1   4  -1  22.7  73
  296.0 734691  0.814   866  1942  1942 982  12   0   0   1   4  -1  22.7  73
  297.0 730638  0.810   866  1946  1946 982  12   0   0   1   4  -1  22.7  73
  298.0 726561  0.805   866  1949  1949 982  12   0   0   1   4  -1  22.7  73
  299.0 722462  0.801   866  1953  1953 982  12   0   0   1   4  -1  22.7  73
  300.0 718345  0.796   866  1957  1957 983  16   1   1   0   0  -1  22.7  73
  301.0 714206  0.792   867  1960  1960 983  16   1   1   0   0  -1  22.7  73
  302.0 710052  0.787   867  1964  1964 983  16   1   1   0   0  -1  22.7  73
  303.0 705878  0.782   867  1967  1967 983  16   1   1   0   0  -1  22.7  73
  304.0 701690  0.778   867  1971  1971 983  16   1   1   0   0  -1  22.7  73
  305.0 697487  0.773   867  1974  1974 983  16   1   1   0   0  -1  22.7  73
  306.0 693271  0.769   867  1978  1978 983  16   1   1   0   0  -1  22.7  73
  307.0 689040  0.764   867  1981  1981 983  16   1   1   0   0  -1  22.7  73
  308.0 684797  0.759   867  1985  1985 982  16   1   1   0   0  -1  22.7  73
  309.0 680543  0.754   867  1988  1988 982  16   1   1   0   0  -1  22.7  73
  310.0 676278  0.750   867  1992  1992 982  16   1   1   0   0  -1  22.7  73
  311.0 672005  0.745   867  1995  1995 982  16   1   1   0   0  -1  22.7  73
  312.0 667723  0.740   867  1999  1999 982  16   1   1   0   0  -1  22.7  73
  313.0 663432  0.735   867  2002  2002 982  16   1   1   0   0  -1  22.7  73
  314.0 659137  0.731   867  2006  2006 982  16   1   1   0   0  -1  22.7  73
  315.0 654834  0.726   867  2009  2009 982  16   1   1   0   0  -1  22.7  73
  316.0 650528  0.721   867  2013  2013 982  16   1   1   0   0  -1  22.7  73
  317.0 646216  0.716   867  2016  2016 982  16   1   1   0   0  -1  22.7  73
  318.0 641902  0.712   867  2020  2020 982  16   1   1   0   0  -1  22.7  73
  319.0 637586  0.707   867  2023  2023 982  16   1   1   0   0  -1  22.7  73
  320.0 633269  0.702   867  2027  2027 982  16   1   1   0   0  -1  22.7  73
  321.0 628950  0.697   868  2030  2030 982  16   1   1   0   0  -1  22.7  73
  322.0 624631  0.692   868  2034  2034 982  16   1   1   0   0  -1  22.7  73
  323.0 620312  0.688   868  2037  2037 982  16   1   1   0   0  -1  22.7  73
  324.0 615995  0.683   868  2041  2041 982  16   1   1   0   0  -1  22.7  73
  325.0 611681  0.678   868  2044  2044 982  17   1   1   0   0  -1  22.7  73
  326.0 607369  0.673   868  2048  2048 982  17   1   1   0   0  -1  22.7  73
  327.0 603061  0.669   868  2051  2051 982  17   1   1   0   0  -1  22.7  73
  328.0 598757  0.664   868  2055  2055 982  17   1   1   0   0  -1  22.7  73
  329.0 594459  0.659   868  2058  2058 982  17   1   1   0   0  -1  22.7  73
  330.0 590167  0.654   868  2062  2062 981  17   1   1   0   0  -1  22.7  73
  331.0 585879  0.649   868  2065  2065 981  17   1   1   0   0  -1  22.7  73
  332.0 581600  0.645   868  2069  2069 981  17   1   1   0   0  -1  22.7  73
  333.0 577328  0.640   868  2072  2072 981  17   1   1   0   0  -1  22.7  73
  334.0 573063  0.635   868  2076  2076 981  17   1   1   0   0  -1  22.7  73
  335.0 568808  0.631   868  2079  2079 981  17   1   1   0   0  -1  22.7  73
  336.0 564562  0.626   868  2083  2083 981  17   1   1   0   0  -1  22.7  73
  337.0 560326  0.621   868  2086  2086 981  17   1   1   0   0  -1  22.7  73
  338.0 556101  0.616   868  2089  2089 981  17   1   1   0   0  -1  22.7  73
  339.0 551886  0.612   868  2093  2093 981  17   1   1   0   0  -1  22.7  73
  340.0 547683  0.607   868  2096  2096 981  17   1   1   0   0  -1  22.7  73
  341.0 543493  0.602   868  2099  2099 981  17   1   1   0   0  -1  22.7  73
  342.0 539314  0.598   868  2103  2103 981  17   1   1   0   0  -1  22.7  73
  343.0 535151  0.593   868  2106  2106 981  17   1   1   0   0  -1  22.7  73
  344.0 530999  0.589   868  2109  2109 981  17   1   1   0   0  -1  22.7  73
  345.0 526861  0.584   868  2112  2112 981  17   1   1   0   0  -1  22.7  73
  346.0 522738  0.579   868  2115  2115 981  17   1   1   0   0  -1  22.7  73
  347.0 518630  0.575   868  2118  2118 981  17   1   1   0   0  -1  22.7  73
  348.0 514536  0.570   868  2121  2121 981  17   1   1   0   0  -1  22.7  73
  349.0 510459  0.566   868  2124  2124 980  17   1   1   0   0  -1  22.7  73
  350.0 506399  0.561   868  2127  2127 980  17   1   1   0   0  -1  22.7  73
  351.0 502354  0.557   868  2130  2130 980  17   1   1   0   0  -1  22.7  73
  352.0 498327  0.552   868  2132  2132 980  17   1   1   0   0  -1  22.7  73
  353.0 494316  0.548   868  2135  2135 980  17   1   1   0   0  -1  22.7  73
  354.0 490323  0.544   868  2137  2137 980  17   1   1   0   0  -1  22.7  73
  355.0 486349  0.539   868  2140  2140 980  17   1   1   0   0  -1  22.7  73
  356.0 482391  0.535   868  2142  2142 980  17   1   1   0   0  -1  22.7  73
  357.0 478453  0.530   868  2144  2144 980  17   1   1   0   0  -1  22.7  73
  358.0 474533  0.526   868  2147  2147 980  17   1   1   0   0  -1  22.7  73
  359.0 470633  0.522   868  2149  2149 980  17   1   1   0   0  -1  22.7  73
  360.0 466751  0.517   868  2151  2151 980  18   1   1   0   0  -1  22.7  73
  361.0 462890  0.513   868  2153  2153 980  18   1   1   0   0  -1  22.7  73
  362.0 459049  0.509   868  2155  2155 980  18   1   1   0   0  -1  22.7  73
  363.0 455228  0.505   868  2157  2157 980  18   1   1   0   0  -1  22.7  73
  364.0 451428  0.500   868  2159  2159 980  18   1   1   0   0  -1  22.7  73
  365.0 447650  0.496   868  2161  2161 980  18   1   1   0   0  -1  22.7  73
  366.0 443891  0.492   868  2163  2163 980  18   1   1   0   0  -1  22.7  73
  367.0 440153  0.488   868  2165  2165 979  18   1   1   0   0  -1  22.7  73
  368.0 436437  0.484   868  2167  2167 979  18   1   1   0   0  -1  22.7  73
  369.0 432741  0.480   868  2169  2169 979  18   1   1   0   0  -1  22.7  73
  370.0 429068  0.476   868  2171  2171 979  18   1   1   0   0  -1  22.7  73
  371.0 425417  0.472   868  2173  2173 979  18   1   1   0   0  -1  22.7  73
  372.0 421789  0.468   868  2175  2175 979  18   1   1   0   0  -1  22.7  73
  373.0 418182  0.464   868  2177  2177 979  18   2   2   0   0  -1  22.7  73
  374.0 414597  0.460   868  2179  2179 979  18   2   2   0   0  -1  22.7  73
  375.0 411035  0.456   868  2181  2181 979  18   2   2   0   0  -1  22.7  73
  376.0 407496  0.452   868  2183  2183 979  18   2   2   0   0  -1  22.7  73
  377.0 403979  0.448   868  2185  2185 979  18   2   2   0   0  -1  22.7  73
  378.0 400484  0.444   868  2187  2187 979  18   2   2   0   0  -1  22.7  73
  379.0 397013  0.440   869  2189  2189 979  18   2   2   0   0  -1  22.7  73
  380.0 393566  0.436   869  2191  2191 979  18   2   2   0   0  -1  22.7  73
  381.0 390141  0.432   869  2193  2193 979  18   2   2   0   0  -1  22.7  73
  382.0 386740  0.429   869  2195  2195 978  18   2   2   0   0  -1  22.7  73
  383.0 383362  0.425   869  2197  2197 978  18   2   2   0   0  -1  22.7  73
  384.0 380007  0.421   869  2199  2199 978  18   2   2   0   0  -1  22.7  73
  385.0 376676  0.418   869  2201  2201 978  18   2   2   0   0  -1  22.7  73
  386.0 373369  0.414   869  2203  2203 978  18   2   2   0   0  -1  22.7  73
  387.0 370084  0.410   869  2205  2205 978  18   2   2   0   0  -1  22.7  73
  388.0 366824  0.407   869  2207  2207 978  18   2   2   0   0  -1  22.7  73
  389.0 363588  0.403   869  2209  2209 978  18   2   2   0   0  -1  22.7  73
  390.0 360375  0.399   869  2211  2211 978  18   2   2   0   0  -1  22.7  73
  391.0 357185  0.396   869  2213  2213 978  18   2   2   0   0  -1  22.7  73
  392.0 354020  0.392   869  2215  2215 978  18   2   2   0   0  -1  22.7  73
  393.0 350878  0.389   869  2217  2217 978  19   2   2   0   0  -1  22.7  73
  394.0 347760  0.386   869  2219  2219 978  19   2   2   0   0  -1  22.7  73
  395.0 344666  0.382   869  2221  2221 978  19   2   2   0   0  -1  22.7  73
  396.0 341596  0.379   869  2223  2223 977  19   2   2   0   0  -1  22.7  73
  397.0 338549  0.375   869  2225  2225 977  19   2   2   0   0  -1  22.7  73
  398.0 335526  0.372   869  2227  2227 977  19   2   2   0   0  -1  22.7  73
  399.0 332527  0.369   869  2229  2229 977  19   2   2   0   0  -1  22.7  73
  400.0 329550  0.365   869  2231  2231 977  19   2   2   0   0  -1  22.7  73
  401.0 326599  0.362   869  2232  2232 977  19   2   2   0   0  -1  22.7  73
  402.0 323670  0.359   869  2234  2234 977  19   2   2   0   0  -1  22.7  73
  403.0 320765  0.356   869  2236  2236 977  19   2   2   0   0  -1  22.7  73
  404.0 317884  0.352   869  2238  2238 977  19   2   2   0   0  -1  22.7  73
  405.0 315027  0.349   869  2240  2240 977  19   2   2   0   0  -1  22.7  73
  406.0 312192  0.346   869  2242  2242 977  19   2   2   0   0  -1  22.7  73
  407.0 309381  0.343   869  2244  2244 977  19   2   2   0   0  -1  22.7  73
  408.0 306594  0.340   869  2246  2246 976  19   2   2   0   0  -1  22.7  73
  409.0 303830  0.337   869  2248  2248 976  19   3   2   0   0  -1  22.7  73
  410.0 301089  0.334   869  2250  2250 976  19   3   2   0   0  -1  22.7  73
  411.0 298371  0.331   869  2252  2252 976  19   3   2   0   0  -1  22.7  73
  412.0 295676  0.328   869  2254  2254 976  19   3   2   0   0  -1  22.7  73
  413.0 293004  0.325   869  2256  2256 976  19   3   2   0   0  -1  22.7  73
  414.0 290356  0.322   869  2258  2258 976  19   3   2   0   0  -1  22.7  73
  415.0 287730  0.319   869  2260  2260 976  19   3   2   0   0  -1  22.7  73
  416.0 285127  0.316   869  2262  2262 976  19   3   2   0   0  -1  22.7  73
  417.0 282546  0.313   869  2264  2264 976  19   3   2   0   0  -1  22.7  73
  418.0 279989  0.310   869  2266  2266 976  19   3   2   0   0  -1  22.7  73
  419.0 277453  0.308   869  2268  2268 976  19   3   2   0   0  -1  22.7  73
  420.0 274940  0.305   869  2270  2270 975  19   3   2   0   0  -1  22.7  73
  421.0 272449  0.302   869  2272  2272 975  19   3   2   0   0  -1  22.7  73
  422.0 269980  0.299   869  2274  2274 975  19   3   2   0   0  -1  22.7  73
  423.0 267534  0.297   869  2276  2276 975  19   3   2   0   0  -1  22.7  73
  424.0 265109  0.294   869  2278  2278 975  19   3   2   0   0  -1  22.7  73
  425.0 262706  0.291   869  2280  2280 975  20   3   2   0   0  -1  22.7  73
  426.0 260325  0.289   869  2282  2282 975  20   3   2   0   0  -1  22.7  73
  427.0 257966  0.286   869  2284  2284 975  20   3   2   0   0  -1  22.7  73
  428.0 255628  0.283   869  2286  2286 975  20   3   2   0   0  -1  22.7  73
  429.0 253311  0.281   869  2288  2288 975  20   3   2   0   0  -1  22.7  73
  430.0 251016  0.278   869  2289  2289 974  20   3   2   0   0  -1  22.7  73
  431.0 248742  0.276   869  2291  2291 974  20   3   2   0   0  -1  22.7  73
  432.0 246489  0.273   869  2293  2293 974  20   4   2   0   0  -1  22.7  73
  433.0 244257  0.271   869  2295  2295 974  20   4   3   0   0  -1  22.7  73
  434.0 242046  0.268   869  2297  2297 974  20   4   3   0   0  -1  22.7  73
  435.0 239855  0.266   869  2299  2299 974  20   4   3   0   0  -1  22.7  73
  436.0 237685  0.263   869  2301  2301 974  20   4   3   0   0  -1  22.7  73
  437.0 235536  0.261   869  2303  2303 974  20   4   3   0   0  -1  22.7  73
  438.0 233407  0.259   869  2305  2305 974  20   4   3   0   0  -1  22.7  73
  439.0 231298  0.256   869  2307  2307 974  20   4   3   0   0  -1  22.7  73
  440.0 229208  0.254   869  2309  2309 973  20   4   3   0   0  -1  22.7  73
  441.0 227140  0.252   869  2311  2311 973  20   4   3   0   0  -1  22.7  73
  442.0 225090  0.250   869  2313  2313 973  20   4   3   0   0  -1  22.7  73
  443.0 223060  0.247   869  2315  2315 973  20   4   3   0   0  -1  22.7  73
  444.0 221170  0.245   869  2317  2317 973  20   4   3   0   0  -1  22.7  73
  445.0 219373  0.243   869  2319  2319 973  20   4   3   0   0  -1  22.7  73
  446.0 217595  0.241   869  2321  2321 973  20   4   3   0   0  -1  22.7  73
  447.0 215831  0.239   869  2323  2323 973  20   4   3   0   0  -1  22.7  73
  448.0 214085  0.237   869  2325  2325 972  20   4   3   0   0  -1  22.7  73
  449.0 212353  0.235   869  2327  2327 972  20   4   3   0   0  -1  22.7  73
  450.0 210639  0.234   869  2329  2329 972  20   5   3   0   0  -1  22.7  73
  451.0 208939  0.232   869  2331  2331 972  20   5   3   0   0  -1  22.7  73
  452.0 207256  0.230   869  2333  2333 972  20   5   3   0   0  -1  22.7  73
  453.0 205589  0.228   869  2335  2335 972  20   5   3   0   0  -1  22.7  73
  454.0 203936  0.226   869  2337  2337 972  20   5   3   0   0  -1  22.7  73
  455.0 202300  0.224   869  2339  2339 972  21   5   3   0   0  -1  22.7  73
  456.0 200679  0.222   869  2341  2341 971  21   5   3   0   0  -1  22.7  73
  457.0 199073  0.221   869  2343  2343 971  21   5   3   0   0  -1  22.7  73
  458.0 197481  0.219   869  2345  2345 971  21   5   3   0   0  -1  22.7  73
  459.0 195907  0.217   869  2346  2346 971  21   5   3   0   0  -1  22.7  73
  460.0 194344  0.215   869  2348  2348 971  21   5   3   0   0  -1  22.7  73
  461.0 192799  0.214   869  2350  2350 971  21   5   3   0   0  -1  22.7  73
  462.0 191267  0.212   869  2352  2352 971  21   5   3   0   0  -1  22.7  73
  463.0 189749  0.210   869  2354  2354 971  21   5   3   0   0  -1  22.7  73
  464.0 188247  0.209   869  2356  2356 970  21   6   3   0   0  -1  22.7  73
  465.0 186759  0.207   869  2358  2358 970  21   6   3   0   0  -1  22.7  73
  466.0 185285  0.205   869  2360  2360 970  21   6   3   0   0  -1  22.7  73
  467.0 183825  0.204   869  2362  2362 970  21   6   3   0   0  -1  22.7  73
  468.0 182379  0.202   869  2364  2364 970  21   6   3   0   0  -1  22.7  73
  469.0 180946  0.201   869  2366  2366 970  21   6   3   0   0  -1  22.7  73
  470.0 179528  0.199   869  2368  2368 970  21   6   3   0   0  -1  22.7  73
  471.0 178124  0.197   869  2370  2370 969  21   6   3   0   0  -1  22.7  73
  472.0 176732  0.196   869  2372  2372 969  21   6   3   0   0  -1  22.7  73
  473.0 175355  0.194   869  2374  2374 969  21   6   4   0   0  -1  22.7  73
  474.0 173990  0.193   869  2376  2376 969  21   6   4   0   0  -1  22.7  73
  475.0 172639  0.191   869  2378  2378 969  21   6   4   0   0  -1  22.7  73
  476.0 171302  0.190   869  2380  2380 969  21   7   4   0   0  -1  22.7  73
  477.0 169977  0.188   869  2382  2382 969  21   7   4   0   0  -1  22.7  73
  478.0 168665  0.187   869  2384  2384 968  21   7   4   0   0  -1  22.7  73
  479.0 167365  0.186   869  2386  2386 968  21   7   4   0   0  -1  22.7  73
  480.0 166080  0.184   869  2388  2388 968  21   7   4   0   0  -1  22.7  73
  481.0 164805  0.183   869  2390  2390 968  21   7   4   0   0  -1  22.7  73
  482.0 163545  0.181   869  2392  2392 968  21   7   4   0   0  -1  22.7  73
  483.0 162295  0.180   869  2394  2394 968  21   7   4   0   0  -1  22.7  73
  484.0 161059  0.179   869  2396  2396 967  21   7   4   0   0  -1  22.7  73
  485.0 159835  0.177   869  2398  2398 967  22   7   4   0   0  -1  22.7  73
  486.0 158622  0.176   869  2400  2400 967  22   7   4   0   0  -1  22.7  73
  487.0 157421  0.175   869  2402  2402 967  22   8   4   0   0  -1  22.7  73
  488.0 156233  0.173   869  2404  2404 967  22   8   4   0   0  -1  22.7  73
  489.0 155056  0.172   869  2406  2406 967  22   8   4   0   0  -1  22.7  73
  490.0 153890  0.171   869  2407  2407 966  22   8   4   0   0  -1  22.7  73
  491.0 152737  0.169   869  2409  2409 966  22   8   4   0   0  -1  22.7  73
  492.0 151594  0.168   869  2411  2411 966  22   8   4   0   0  -1  22.7  73
  493.0 150463  0.167   869  2413  2413 966  22   8   4   0   0  -1  22.7  73
  494.0 149344  0.166   869  2415  2415 966  22   8   4   0   0  -1  22.7  73
  495.0 148235  0.164   869  2417  2417 965  22   8   4   0   0  -1  22.7  73
  496.0 147138  0.163   869  2419  2419 965  22   9   4   0   0  -1  22.7  73
  497.0 146051  0.162   869  2421  2421 965  22   9   4   0   0  -1  22.7  73
  498.0 144976  0.161   869  2423  2423 965  22   9   4   0   0  -1  22.7  73
  499.0 143911  0.160   869  2425  2425 965  22   9   4   0   0  -1  22.7  73
  500.0 142856  0.158   869  2427  2427 965  22   9   4   0   0  -1  22.7  73
